6 10 5 32 66 11 22 12 86 13 8 76
16 54 24 27 48 29 31 85 58 38 33 80
36 26 37 39 92 28 7 40 52 91 47 21
35 4 67 43 25 55 23 96 44 2 68 53
46 49 90 59 9 93 56 30 50 57 41 87
62 45 34 63 72 17 64 65 1 51 60 69
79 70 61 15 20 73 14 3 74 78 18 71
77 19 81 89 83 84 88 75 94 82 95 97
98 99 42 100


6 10 5 8 32 66 11 22
12 86 13 76 16 54 24 27
48 29 31 85 58 38 33 80
36 26 37 39 92 28 7 40
52 91 47 21 35 4 67 43
25 55 23 96 44 2 68 53
46 49 90 59 9 93 56 64
30 50 57 41 87 62 45 34
63 72 17 65 1 51 60 69
79 70 61 15 20 73 14 3
74 78 18 71 77 19 81 89
83 84 88 75 94 82 95 97
98 99 42 100


6 10 44 5 8 32 66 11 22 12 86 13 76 16 54 24 27 48 29 31 85 58 38 33 80
36 26 37 39 92 28 7 40 52 91 47 21 35 4 67 43 25 55 23 96 2 68 53 46 49
90 59 9 93 56 30 50 57 41 87 62 45 34 63 72 17 64 65 1 51 60 69 79 70 61
15 20 73 14 3 74 78 18 71 77 19 81 89 83 84 88 75 94 82 95 97 98 99 42 100


6 10 5 8 32 66 11 22 12 86 13 76 16 54 24 27 48 29 31 85 58 38 33 80 36 26 37 39 92 28 7 40 52 91 47 35 4 67 43 25
55 23 96 44 2 68 53 46 49 90 59 9 93 56 30 50 57 41 87 62 45 34 63 72 17 64 65 1 51 60 69 79 70 61 15 20 73 14 3 74
78 18 71 77 19 81 89 83 84 88 21 75 94 82 95 97 98 99 42 100


6 10 5 8 32 66 11 22 12 86 13 76 16 54 24 27 48 29 31 85 58 38 33 80 36 26 37 39 92 28 7 40 52 91 47 21 35 4 67 43 25 55 23 96 44 2 68 53
46 49 90 59 9 93 56 30 50 57 41 87 62 45 34 63 72 17 64 65 19 1 51 60 69 79 70 61 15 20 73 14 3 74 78 18 71 77 81 89 83 84 88 75 94 82 95 97
98 99 42 100


6 10 5 8 32 66 11 22 12 86 13 76 16 54 24 27 48 29 31 85 58 38 33 80 36 26 37 39 92 28 7 40 52 91 47
21 35 4 67 43 25 55 23 96 44 2 68 53 46 49 90 59 9 93 56 30 50 57 41 87 62 45 34 63 72 17 64 65 75 1
51 60 69 79 70 61 15 20 73 14 3 74 78 18 71 77 19 81 89 83 84 88 94 82 95 97 98 99 42 100


6 10 5 8 32 66 11 22 12 86 13 76 16 54 24 27 48 29 31
85 38 33 80 36 26 37 39 92 28 7 40 52 91 47 21 35 4 67
43 25 55 23 96 44 2 68 53 46 49 90 59 9 93 56 30 50 57
41 87 62 45 34 63 72 17 64 65 1 51 60 69 79 70 61 15 58
20 73 14 3 74 78 18 71 77 19 81 89 83 84 88 75 94 82 95
97 98 99 42 100


6 10 5 8 32 66 11 22 12 86 13 76 16 54 24 27 48 29 31 85 58 38 33 80 36 26 37 39 92 28 7 40 52 91 47
21 35 4 67 43 25 55 23 96 44 2 68 53 46 49 90 59 9 93 56 30 50 57 41 87 62 45 34 63 72 17 64 65 1 51
60 69 79 70 61 15 20 14 3 74 78 18 71 77 19 81 89 83 84 73 88 75 94 82 95 97 98 99 42 100


6 10 5 8 32 66 11 22 12 86 13 76 16 54 24
27 48 29 31 85 58 38 33 80 36 26 37 39 92 28
7 40 52 91 47 21 35 4 67 43 25 55 23 96 44
2 68 53 46 49 90 59 9 93 56 30 50 57 41 87
62 45 34 63 72 64 65 1 51 60 69 79 70 61 15
20 73 14 3 74 78 18 71 77 19 81 89 83 84 88
75 94 82 95 17 97 98 99 42 100


6 10 5 8 32 66 11 22 12 86 13 76 16 54 95 24 27 48 29 31 85 58 38 33 80 36 26 37 39 92 28 7 40 52 91 47 21 35 4 67 43 25 55
23 96 44 2 68 53 46 49 90 59 9 93 56 30 50 57 41 87 62 45 34 63 72 17 64 65 1 51 60 69 79 70 61 15 20 73 14 3 74 78 18 71 77
19 81 89 83 84 88 75 94 82 97 98 99 42 100


6 10 5 8 66 11 22 12 86 13 76 16 54 24 27 48 29 31 85 58 38 33 80 36 26 37 39 92
28 32 7 40 52 91 47 21 35 4 67 43 25 55 23 96 44 2 68 53 46 49 90 59 9 93 56 30
50 57 41 87 62 45 34 63 72 17 64 65 1 51 60 69 79 70 61 15 20 73 14 3 74 78 18 71
77 19 81 89 83 84 88 75 94 82 95 97 98 99 42 100


6 10 5 8 32 66 11 22 12 86 13 76 16 54 24 27 48 29 31 85 58 38 33 80 36 26 37
39 92 28 99 7 40 52 91 47 21 35 4 67 43 25 55 23 96 44 2 68 53 46 49 90 59 9
93 56 30 50 57 41 87 62 45 34 63 72 17 64 65 1 51 60 69 79 70 61 15 20 73 14 3
74 78 18 71 77 19 81 89 83 84 88 75 94 82 95 97 98 42 100


6 10 5 8 32 66 11 22 12 86
13 76 16 54 24 27 48 29 31 85
58 38 33 80 36 26 37 98 39 92
28 7 40 52 91 47 21 35 4 67
43 25 55 23 96 44 2 68 53 46
49 90 59 9 93 56 30 50 57 41
87 62 45 34 63 72 17 64 65 1
51 60 69 79 70 61 15 20 73 14
3 74 78 18 71 77 19 81 89 83
84 88 75 94 82 95 97 99 42 100


6 10 5 8 32 66 11 22 12
15 86 13 76 16 54 24 27 48
29 31 85 58 38 33 80 36 26
37 39 92 28 7 40 52 91 47
21 35 4 67 43 25 55 23 96
44 2 68 53 46 49 90 59 9
93 56 30 50 57 41 87 62 45
34 63 72 17 64 65 1 51 60
69 79 70 61 20 73 14 3 74
78 18 71 77 19 81 89 83 84
88 75 94 82 95 97 98 99 42
100


6 10 5
8 32 66
11 3 22
12 86 13
76 16 54
24 27 48
29 31 85
58 38 33
80 36 26
37 39 92
28 7 40
52 91 47
21 35 4
67 43 25
55 23 96
44 2 68
53 46 49
90 59 9
93 56 30
50 57 41
87 62 45
34 63 72
17 64 65
1 51 60
69 79 70
61 15 20
73 14 74
78 18 71
77 19 81
89 83 84
88 75 94
82 95 97
98 99 42
100


6 10 5 8 32 66 11 22 12 86 13 76 16 54 24 39 27 48 29 31 85 58 38 33 80 36 26 37 92 28 7 40 52 91 47 21 35 4 67 43 25 55 23 96 44 2
68 53 46 49 90 59 9 93 56 30 50 57 41 87 62 45 34 63 72 17 64 65 1 51 60 69 79 70 61 15 20 73 14 3 74 78 18 71 77 19 81 89 83 84 88 75
94 82 95 97 98 99 42 100


6 10 5 8 32 66 11 22 12 86 13 76 16 54 24 27 48 29 31 85 58 38 33 80 36 26 37 39 92 28 7 40 52 91
47 21 35 4 67 43 25 55 23 96 44 2 68 53 46 49 90 59 9 93 56 30 50 57 71 41 87 62 45 34 63 72 17 64
65 1 51 60 69 79 70 61 15 20 73 14 3 74 78 18 77 19 81 89 83 84 88 75 94 82 95 97 98 99 42 100


6 10 5 8 32 66 11 22 12 86 13 76 16 54 24 27 48 29 31 85 58 33 80 36 26 37 39 92 28 7 40 52 91 47 21 35 4 67 43 25 55 23 96 44 2
68 53 46 49 90 59 9 93 56 30 50 57 41 87 62 45 34 63 72 17 64 65 1 51 60 69 79 70 61 15 20 73 14 3 74 78 18 71 38 77 19 81 89 83 84
88 75 94 82 95 97 98 99 42 100


6 10 5 8 32 66 11 22
12 86 13 76 16 54 24 27
48 29 31 85 58 38 33 80
36 26 37 39 92 7 40 52
91 47 21 35 4 67 43 25
55 23 96 44 2 68 53 46
49 90 59 9 93 56 30 50
57 41 87 62 45 34 63 72
17 64 65 1 51 60 69 79
70 61 15 20 73 14 3 74
78 18 71 77 19 81 89 83
84 88 75 94 82 95 97 98
28 99 42 100


6 10 5 8 32 66 11 22 12 86 13 76 16 54 24 27 48 29 31 85 58 38 33 80 36 26 37 39 92 28 7 40 52 91 47 21
4 67 43 25 55 23 96 44 2 68 53 46 49 90 59 9 93 56 30 50 57 41 87 62 45 34 63 72 17 64 65 35 1 51 60 69
79 70 61 15 20 73 14 3 74 78 18 71 77 19 81 89 83 84 88 75 94 82 95 97 98 99 42 100


6 10 5 8 32 66 11 22 12
86 13 76 16 54 27 48 29 31
85 58 38 33 80 36 26 37 39
92 28 7 40 52 91 47 21 35
4 67 43 25 55 23 96 44 2
68 53 46 49 90 59 9 93 56
30 50 57 41 87 62 45 34 63
72 17 64 65 1 51 24 60 69
79 70 61 15 20 73 14 3 74
78 18 71 77 19 81 89 83 84
88 75 94 82 95 97 98 99 42
100


6 10
34 5
8 32
66 11
22 12
86 13
76 16
54 24
27 48
29 31
85 58
38 33
80 36
26 37
39 92
28 7
40 52
91 47
21 35
4 67
43 25
55 23
96 44
2 68
53 46
49 90
59 9
93 56
30 50
57 41
87 62
45 63
72 17
64 65
1 51
60 69
79 70
61 15
20 73
14 3
74 78
18 71
77 19
81 89
83 84
88 75
94 82
95 97
98 99
42 100


6 10 5 8 32 11 22 12
86 13 76 16 54 24 27 48
29 31 85 58 38 33 80 36
26 37 39 92 28 7 40 52
91 47 21 66 35 4 67 43
25 55 23 96 44 2 68 53
46 49 90 59 9 93 56 30
50 57 41 87 62 45 34 63
72 17 64 65 1 51 60 69
79 70 61 15 20 73 14 3
74 78 18 71 77 19 81 89
83 84 88 75 94 82 95 97
98 99 42 100


6 10 5 8 32 66 11 22 12 86 13 76 16 54 24 27 48 29 31 85 58 38 33 80 36 26 37
39 92 28 7 40 52 91 47 21 35 4 67 43 55 23 96 44 2 68 53 46 25 49 90 59 9 93
56 30 50 57 41 87 62 45 34 63 72 17 64 65 1 51 60 69 79 70 61 15 20 73 14 3 74
78 18 71 77 19 81 89 83 84 88 75 94 82 95 97 98 99 42 100


6 10 5 8 32 66 11 22 12 86 13 76 16 54 24 27 48 29 31 85 58 38 33 80 68 36
26 37 39 92 28 7 40 52 91 47 21 35 4 67 43 25 55 23 96 44 2 53 46 49 90 59
9 93 56 30 50 57 41 87 62 45 34 63 72 17 64 65 1 51 60 69 79 70 61 15 20 73
14 3 74 78 18 71 77 19 81 89 83 84 88 75 94 82 95 97 98 99 42 100


6 10 5 8
32 66 11 22
12 86 13 76
16 54 24 27
48 29 31 85
58 38 33 80
36 26 37 39
92 28 7 40
52 91 47 21
35 4 67 43
25 55 23 96
44 2 68 53
46 49 90 59
9 93 56 30
50 57 41 62
45 34 63 72
17 64 65 1
51 60 69 87
79 70 61 15
20 73 14 3
74 78 18 71
77 19 81 89
83 84 88 75
94 82 95 97
98 99 42 100


6 10 5 8 32 66 11 22 12 86 13 9 76 16 54 24 27 48 29 31
85 58 38 33 80 36 26 37 39 92 28 7 40 52 91 47 21 35 4 67
43 25 55 23 96 44 2 68 53 46 49 90 59 93 56 30 50 57 41 87
62 45 34 63 72 17 64 65 1 51 60 69 79 70 61 15 20 73 14 3
74 78 18 71 77 19 81 89 83 84 88 75 94 82 95 97 98 99 42 100


6 10 5 8 32 66 96 11 22 12 86 13 76 16 54 24 27 48 29 31 85 58 38 33 80 36 26 37 39 92 28 7 40 52 91 47 21 35 4 67 43 25 55 23 44 2 68 53 46
49 90 59 9 93 56 30 50 57 41 87 62 45 34 63 72 17 64 65 1 51 60 69 79 70 61 15 20 73 14 3 74 78 18 71 77 19 81 89 83 84 88 75 94 82 95 97 98 99
42 100


6 10 5 8 32 66 11 22 12 86 13 76 16 54 24 70 27 48 29 31 85 58 38 33 80 36 26 37 39 92 28 7 40 52 91 47 21 35 4 67 43 25 55 23 96 44
2 68 53 46 49 90 59 9 93 56 30 50 57 41 87 62 45 34 63 72 17 64 65 1 51 60 69 79 61 15 20 73 14 3 74 78 18 71 77 19 81 89 83 84 88 75
94 82 95 97 98 99 42 100


6 10 5 8 32
66 11 22 12 86
13 76 16 54 24
27 97 48 29 31
85 58 38 33 80
36 26 37 39 92
28 7 40 52 91
47 21 35 4 67
43 25 55 23 96
44 2 68 53 46
49 90 59 9 93
56 30 50 57 41
87 62 45 34 63
72 17 64 65 1
51 60 69 79 70
61 15 20 73 14
3 74 78 18 71
77 19 81 89 83
84 88 75 94 82
95 98 99 42 100


6 10 5 8 32 66 11 22 12 86 13 76 16 54 24
27 48 29 31 85 58 38 33 80 36 26 39 92 28 7
40 52 91 47 21 35 4 67 43 37 25 55 23 96 44
2 68 53 46 49 90 59 9 93 56 30 50 57 41 87
62 45 34 63 72 17 64 65 1 51 60 69 79 70 61
15 20 73 14 3 74 78 18 71 77 19 81 89 83 84
88 75 94 82 95 97 98 99 42 100


6 10 5 8 32 66 11 22 12 86 13 76
16 54 24 27 48 31 85 58 38 33 80 36
26 37 39 92 28 7 40 52 91 47 21 35
4 67 43 25 55 23 96 44 2 68 53 46
49 90 59 9 93 56 30 50 57 41 87 29
62 45 34 63 72 17 64 65 1 51 60 69
79 70 61 15 20 73 14 3 74 78 18 71
77 19 81 89 83 84 88 75 94 82 95 97
98 99 42 100


6 10 5 8 32 66 11 22 12 86 13 76 16 54 24 27 48 29 31 58 38 33 80 36 26 37 39 92 28 7 40 52 91 47 21 35 4 67 43 25 55 23 96 44 2 68 53 46 49 90
59 85 9 93 56 30 50 57 41 87 62 45 34 63 72 17 64 65 1 51 60 69 79 70 61 15 20 73 14 3 74 78 18 71 77 19 81 89 83 84 88 75 94 82 95 97 98 99 42 100


6 10 5 8 32 66 11 22 12 86 13 76 16
54 24 27 48 29 31 85 58 38 33 80 36 26
37 39 92 28 7 40 52 91 47 21 35 4 67
43 25 55 23 96 44 2 68 53 46 49 90 59
9 93 56 30 50 57 41 87 62 45 34 63 72
17 64 65 1 51 60 69 79 70 61 15 20 73
14 3 74 78 18 71 77 19 81 100 89 83 84
88 75 94 82 95 97 98 99 42


6 10 5 8 32 66
11 22 12 86 13 76
16 54 24 27 29 31
85 58 38 33 80 36
26 37 39 92 28 7
40 52 91 47 21 35
48 4 67 43 25 55
23 96 44 2 68 53
46 49 90 59 9 93
56 30 50 57 41 87
62 45 34 63 72 17
64 65 1 51 60 69
79 70 61 15 20 73
14 3 74 78 18 71
77 19 81 89 83 84
88 75 94 82 95 97
98 99 42 100


6 10 5 8 32 66 11 22 12 86 13 76 16 54 24 27 48 29 31 85 58 38 33 80 89 36 26 37 39 92 28 7 40 52 91 47 21 35 4 67 43 25 55 23 96 44 2 68
53 46 49 90 59 9 93 56 30 50 57 41 87 62 45 34 63 72 17 64 65 1 51 60 69 79 70 61 15 20 73 14 3 74 78 18 71 77 19 81 83 84 88 75 94 82 95 97
98 99 42 100


6 10 5 8 32 66 11 22 12 86 13 76 16 54 24 27 48 29 31 85 58 38 33 80 36 26
37 39 92 28 7 40 52 47 21 35 4 67 43 25 55 23 96 44 2 68 53 46 49 90 59 9
93 56 30 50 57 41 87 62 45 34 63 72 17 64 65 1 51 60 69 79 70 61 15 20 73 14
3 74 78 18 71 77 19 81 89 83 84 88 75 94 82 95 97 98 91 99 42 100


6 10 5 8 32 66 11 22 12 86 13 76 16 54 24 27 48 29 80 31
85 58 38 33 36 26 37 39 92 28 7 40 52 91 47 21 35 4 67 43
25 55 23 96 44 2 68 53 46 49 90 59 9 93 56 30 50 57 41 87
62 45 34 63 72 17 64 65 1 51 60 69 79 70 61 15 20 73 14 3
74 78 18 71 77 19 81 89 83 84 88 75 94 82 95 97 98 99 42 100


6 10 5 8 32 66 11 22 12 86 13 76 16 54 24 27 48 29 31 85 58 38 33 80 36 26 37 39 92 28 7 40 52 91 47 21 35 4 67
43 25 55 23 96 44 2 68 53 46 49 90 59 9 56 30 50 57 41 87 62 45 34 93 63 72 17 64 65 1 51 60 69 79 70 61 15 20 73
14 3 74 78 18 71 77 19 81 89 83 84 88 75 94 82 95 97 98 99 42 100


6 10 5 8 32 66 11 22 12 86 13 76 16 54 24 27 48 29 31 53 85 58 38 33 80 36 26 37 39 92 28 7 40 52 91 47 21 35 4 67 43 25 55 23
96 44 2 68 46 49 90 59 9 93 56 30 50 57 41 87 62 45 34 63 72 17 64 65 1 51 60 69 79 70 61 15 20 73 14 3 74 78 18 71 77 19 81 89
83 84 88 75 94 82 95 97 98 99 42 100


6 10 5 8 32 66 11 22 12 86 13 76 16 54 24
27 48 29 31 85 58 38 33 80 36 26 37 39 92 28
7 40 52 91 47 21 35 4 67 43 25 55 23 96 44
2 68 53 46 49 90 59 9 93 56 30 50 57 41 87
62 45 34 63 72 17 64 1 51 60 69 79 70 61 15
20 73 14 65 3 74 78 18 71 77 19 81 89 83 84
88 75 94 82 95 97 98 99 42 100


6 10 5 8 32 66 11 22 12 86 13 76 16 54 24 27 48 29 31 85 58 38 33 80
36 26 37 39 92 28 7 40 52 91 47 21 35 4 67 43 45 25 55 23 96 44 2 68
53 46 49 90 59 9 93 56 30 50 57 41 87 62 34 63 72 17 64 65 1 51 60 69
79 70 61 15 20 73 14 3 74 78 18 71 77 19 81 89 83 84 88 75 94 82 95 97
98 99 42 100


6 13 10 5 8 32 66
11 22 12 86 76 16 54
24 27 48 29 31 85 58
38 33 80 36 26 37 39
92 28 7 40 52 91 47
21 35 4 67 43 25 55
23 96 44 2 68 53 46
49 90 59 9 93 56 30
50 57 41 87 62 45 34
63 72 17 64 65 1 51
60 69 79 70 61 15 20
73 14 3 74 78 18 71
77 19 81 89 83 84 88
75 94 82 95 97 98 99
42 100


6 10 5 8 32 66 11 22 12 86 13 76 16 54 24 27 48 29 31 85 58 38 33 80
36 26 37 39 92 28 7 40 52 91 47 21 35 30 4 67 43 25 55 23 96 44 2 68
53 46 49 90 59 9 93 56 50 57 41 87 62 45 34 63 72 17 64 65 1 51 60 69
79 70 61 15 20 73 14 3 74 78 18 71 77 19 81 89 83 84 88 75 94 82 95 97
98 99 42 100


6 10 5 8 32 66 11 22 12 86 13 76 16 54 24 27 48 29 31 85 58 38 33 80 36 26 37 39 28 7 40 52 91 47 21 35 4 67 43 25
55 23 96 44 2 68 53 46 92 49 90 59 9 93 56 30 50 57 41 87 62 45 34 63 72 17 64 65 1 51 60 69 79 70 61 15 20 73 14 3
74 78 18 71 77 19 81 89 83 84 88 75 94 82 95 97 98 99 42 100


6 10 5 8 32 66 11 22 12 86
13 76 16 54 24 27 48 29 31 85
58 38 33 80 36 26 37 39 92 28
7 40 52 91 47 21 35 4 67 43
25 55 23 96 44 2 68 53 46 49
90 59 9 93 56 30 50 57 41 87
62 45 34 63 72 17 64 65 1 51
60 69 79 70 61 15 20 73 14 3
74 78 18 71 77 19 89 83 84 81
88 75 94 82 95 97 98 99 42 100


6 10 5 8 32 66 11 22 12 86 13 76 16 54 24 27 48 29 31 85 58 38 33 80 36 26 37 39 92 28 7 40 52 91
47 21 35 4 67 43 25 55 23 96 44 2 68 53 46 49 90 59 9 93 56 30 50 57 41 87 62 45 34 63 72 17 64 65
1 51 60 69 79 70 61 15 73 14 3 74 78 18 71 77 19 81 89 83 84 88 75 94 82 95 20 97 98 99 42 100


6 10 5 8 32 66 11
22 12 86 13 76 49 16
54 24 27 48 29 31 85
58 38 33 80 36 26 37
39 92 28 7 40 52 91
47 21 35 4 67 43 25
55 23 96 44 2 68 53
46 90 59 9 93 56 30
50 57 41 87 62 45 34
63 72 17 64 65 1 51
60 69 79 70 61 15 20
73 14 3 74 78 18 71
77 19 81 89 83 84 88
75 94 82 95 97 98 99
42 100


6 5 8 32 66 11 22 12 86 13 76 16 54 24 27 48 29 31 85 58 38 33 80 36 26 37 39 92 28 7 40 52 91 47 21 35 4 67 43 25 55
23 96 44 2 68 53 46 49 90 59 9 93 56 30 50 57 41 87 62 45 34 63 72 17 64 65 1 51 60 69 79 70 61 15 20 73 14 3 74 78 18
71 77 19 81 10 89 83 84 88 75 94 82 95 97 98 99 42 100


6 10 5 8 32 66 11 22 12 86 13 16 54 24 27 48 29 31 85 58 38 33 80 36 26 37 76 39 92 28
7 40 52 91 47 21 35 4 67 43 25 55 23 96 44 2 68 53 46 49 90 59 9 93 56 30 50 57 41 87
62 45 34 63 72 17 64 65 1 51 60 69 79 70 61 15 20 73 14 3 74 78 18 71 77 19 81 89 83 84
88 75 94 82 95 97 98 99 42 100


6 10 5 8 32 66 11 22 12 86 13 76 16 54 24 27 48 29 31 85 58 38 33
80 36 26 37 39 92 28 7 40 52 91 47 21 35 4 67 43 25 55 23 96 44 2
68 53 49 90 59 9 93 56 30 50 57 41 87 62 45 34 46 63 72 17 64 65 1
51 60 69 79 70 61 15 20 73 14 3 74 78 18 71 77 19 81 89 83 84 88 75
94 82 95 97 98 99 42 100


6 10 5 8 32 66 11 22 12 86 13 76 16 54 24 27 48 29
31 85 58 38 33 80 36 26 37 39 92 28 40 52 91 47 21 35
4 67 43 25 55 23 96 44 2 68 53 46 49 90 59 9 93 56
30 50 57 41 87 62 7 45 34 63 72 17 64 65 1 51 60 69
79 70 61 15 20 73 14 3 74 78 18 71 77 19 81 89 83 84
88 75 94 82 95 97 98 99 42 100


6 10 5 8 32 66 11 22 12 86 13 76 16 54 24 27 48
29 31 85 58 38 33 80 36 26 37 39 92 28 7 40 52 91
47 21 35 4 67 43 25 55 23 96 44 2 68 53 46 49 90
59 9 93 56 30 50 57 41 87 62 45 34 63 72 17 64 65
1 51 60 69 79 70 61 15 20 73 3 74 78 18 71 77 19
81 89 83 84 88 75 94 14 82 95 97 98 99 42 100


6 10 5 8 32 66 11 12 86 13 76 16 54 24 27 48 29 22 31 85 58 38 33 80 36 26 37 39 92
28 7 40 52 91 47 21 35 4 67 43 25 55 23 96 44 2 68 53 46 49 90 59 9 93 56 30 50 57
41 87 62 45 34 63 72 17 64 65 1 51 60 69 79 70 61 15 20 73 14 3 74 78 18 71 77 19 81
89 83 84 88 75 94 82 95 97 98 99 42 100


6 10 5 8 32 66 11 22 12 86 13 76 16 24 27 48 29 31 85 58 38 33 80 36 26 37 39 92 28 7 40 52 91 47 21 35 4 67 43 25 55 23 96 44 2
68 53 46 49 90 59 9 93 56 30 50 57 41 87 62 45 34 63 72 17 64 65 1 51 60 54 69 79 70 61 15 20 73 14 3 74 78 18 71 77 19 81 89 83 84
88 75 94 82 95 97 98 99 42 100


6 10 5 8 32 66 11 22 12 86 13 76 16 54
24 27 48 29 31 85 58 38 80 36 26 37 39 92
28 7 40 52 91 47 21 35 4 67 43 25 55 23
96 44 2 68 53 46 49 90 59 9 93 56 30 50
57 33 41 87 62 45 34 63 72 17 64 65 1 51
60 69 79 70 61 15 20 73 14 3 74 78 18 71
77 19 81 89 83 84 88 75 94 82 95 97 98 99
42 100


6 50 10 5 8 32 66 11 22 12 86 13 76 16 54 24 27 48 29 31 85 58 38 33 80 36 26 37 39 92 28 7 40 52 91 47 21 35 4 67 43 25 55 23 96
44 2 68 53 46 49 90 59 9 93 56 30 57 41 87 62 45 34 63 72 17 64 65 1 51 60 69 79 70 61 15 20 73 14 3 74 78 18 71 77 19 81 89 83 84
88 75 94 82 95 97 98 99 42 100


6 10 5 8 32 66 11 22 12 86 13 76 16 54 24 27 48 29 31 85 58 78 38 33 80 36 26 37 39 92 28 7 40 52 91 47 21 35 4 67 43 25 55 23 96 44
2 68 53 46 49 90 59 9 93 56 30 50 57 41 87 62 45 34 63 72 17 64 65 1 51 60 69 79 70 61 15 20 73 14 3 74 18 71 77 19 81 89 83 84 88 75
94 82 95 97 98 99 42 100


6 10 5 8 32 66 11 22 12 86 13 76 16 54 24 27 48 29 31 85 58
38 33 80 36 26 37 39 92 28 7 40 52 91 47 21 35 4 67 43 25 23
96 44 2 68 53 46 49 90 59 55 9 93 56 30 50 57 41 87 62 45 34
63 72 17 64 65 1 51 60 69 79 70 61 15 20 73 14 3 74 78 18 71
77 19 81 89 83 84 88 75 94 82 95 97 98 99 42 100


6 10
5 8
32 66
11 22
12 86
13 43
76 16
54 24
27 48
29 31
85 58
38 33
80 36
26 37
39 92
28 7
40 52
91 47
21 35
4 67
25 55
23 96
44 2
68 53
46 49
90 59
9 93
56 30
50 57
41 87
62 45
34 63
72 17
64 65
1 51
60 69
79 70
61 15
20 73
14 3
74 78
18 71
77 19
81 89
83 84
88 75
94 82
95 97
98 99
42 100


6 10 5 8 32 66 11 22 86 13 76 16 54 24 27 48 29 31 85 58 38 33 80 36 26 37 39 92 28 7 40 52 91 47 21 35 4 67 43 25 55 23 96 44 2 68 53 46 49
90 59 9 93 56 30 50 57 41 87 62 45 34 63 72 17 64 65 1 51 60 69 79 70 61 12 15 20 73 14 3 74 78 18 71 77 19 81 89 83 84 88 75 94 82 95 97 98 99
42 100


6 10 5 8 32 66 11 22 12 86 13 76 16 54 24 27 48 29 31 85 58 38 33 80 36 26 37 39 92 28 7 40 52
91 47 21 35 4 67 42 43 25 55 23 96 44 2 68 53 46 49 90 59 9 93 56 30 50 57 41 87 62 45 34 63 72
17 64 65 1 51 60 69 79 70 61 15 20 73 14 3 74 78 18 71 77 19 81 89 83 84 88 75 94 82 95 97 98 99
100


6 10 5 8 32 66 11 22 12 86 13 76 16 54 24 27 48 29 31 85 58 38 33 80 36 26 37 39 92 28 7 40 52 91 47
21 35 67 43 25 55 23 4 96 44 2 68 53 46 49 90 59 9 93 56 30 50 57 41 87 62 45 34 63 72 17 64 65 1 51
60 69 79 70 61 15 20 73 14 3 74 78 18 71 77 19 81 89 83 84 88 75 94 82 95 97 98 99 42 100


6 10 5 8 32 66 11 22 12 86 13 76 54 24 27 48 29 31 85 58 38 33 80 36 26 37 39 92 28 7 40 52 91 47 21 35 4 67 43
25 55 23 96 44 2 68 53 46 49 90 59 9 93 56 30 50 57 41 87 62 45 34 63 72 17 64 65 1 51 60 69 79 70 61 15 20 73 14
16 3 74 78 18 71 77 19 81 89 83 84 88 75 94 82 95 97 98 99 42 100


6 10 5 8 32 66 11 22 12 86 13 76 16 54 24 27 48 29 31 85 58 38 62 33 80 36 26 37 39 92 28 7 40 52 91 47 21 35 4 67 43 25
55 23 96 44 2 68 53 46 49 90 59 9 93 56 30 50 57 41 87 45 34 63 72 17 64 65 1 51 60 69 79 70 61 15 20 73 14 3 74 78 18 71
77 19 81 89 83 84 88 75 94 82 95 97 98 99 42 100


6 10 5 8 32 66 11
22 12 86 13 76 16 54
24 27 48 29 31 85 58
38 33 80 63 36 26 37
39 92 28 7 40 52 91
47 21 35 4 67 43 25
55 23 96 44 2 68 53
46 49 90 59 9 93 56
30 50 57 41 87 62 45
34 72 17 64 65 1 51
60 69 79 70 61 15 20
73 14 3 74 78 18 71
77 19 81 89 83 84 88
75 94 82 95 97 98 99
42 100


6 10 5 8 32 66 11 22 36 12 86 13 76 16 54 24 27 48 29 31 85 58 38 33 80 26 37 39 92 28 7
40 52 91 47 21 35 4 67 43 25 55 23 96 44 2 68 53 46 49 90 59 9 93 56 30 50 57 41 87 62 45
34 63 72 17 64 65 1 51 60 69 79 70 61 15 20 73 14 3 74 78 18 71 77 19 81 89 83 84 88 75 94
82 95 97 98 99 42 100


6 10 5 8 32 66 11 22 12 86 13 76 16 54 24 27 48 29 31 85 58
38 33 80 36 26 37 39 60 92 28 7 40 52 91 47 21 35 4 67 43 25
55 23 96 44 2 68 53 46 49 90 59 9 93 56 30 50 57 41 87 62 45
34 63 72 17 64 65 1 51 69 79 70 61 15 20 73 14 3 74 78 18 71
77 19 81 89 83 84 88 75 94 82 95 97 98 99 42 100


6 10 5 8 32 66 11
22 12 86 13 76 16 54
24 27 48 29 31 85 58
38 33 80 36 26 37 39
92 28 7 40 52 91 47
21 35 4 67 59 43 25
55 23 96 44 2 68 53
46 49 90 9 93 56 30
50 57 41 87 62 45 34
63 72 17 64 65 1 51
60 69 79 70 61 15 20
73 14 3 74 78 18 71
77 19 81 89 83 84 88
75 94 82 95 97 98 99
42 100


6 10 5 8 32 66 11 22 12 86 13 76 16 54 24 27 48 29 31 85 58 38 33 80 36 26 37 39 92 28 7 40 52 91 47 21 35
4 67 43 25 55 23 96 44 2 68 53 46 49 90 59 9 93 30 50 57 41 87 62 45 34 63 72 17 64 65 1 51 60 69 79 70 61
15 20 73 14 3 56 74 78 18 71 77 19 81 89 83 84 88 75 94 82 95 97 98 99 42 100


6 10 8 32 66 11 22 12 86 13 76 16 54 24 27 48 29
31 85 58 38 33 80 36 26 37 39 92 28 7 40 52 91 47
21 35 4 67 43 25 55 23 96 44 2 68 53 46 49 90 59
9 93 56 30 50 57 41 87 62 45 34 63 72 17 64 65 1
51 60 69 79 70 61 15 20 73 14 3 74 78 18 71 77 19
81 5 89 83 84 88 75 94 82 95 97 98 99 42 100


6 10 5 8 32 66 11 22 12 61 86 13 76 16 54 24 27 48 29 31 85 58 38 33 80 36 26 37 39 92 28 7 40 52 91 47 21 35 4 67 43 25 55 23 96 44
2 68 53 46 49 90 59 9 93 56 30 50 57 41 87 62 45 34 63 72 17 64 65 1 51 60 69 79 70 15 20 73 14 3 74 78 18 71 77 19 81 89 83 84 88 75
94 82 95 97 98 99 42 100


6 10 5 8 32 66 22 12 86 13 76 16 54 24 27 48 29 31 85 58 38 33 80 36 11 26 37 39 92 28 7 40 52 91 47 21 35 4 67 43 25 55 23 96
44 2 68 53 46 49 90 59 9 93 56 30 50 57 41 87 62 45 34 63 72 17 64 65 1 51 60 69 79 70 61 15 20 73 14 3 74 78 18 71 77 19 81 89
83 84 88 75 94 82 95 97 98 99 42 100


6 10 5 8 32 66 11 22 12 86 13 76 16 54 24 27 48 29 31 85 58 38 33
80 36 26 37 39 92 28 7 40 52 91 47 21 35 4 67 43 25 55 23 96 44 68
53 46 49 90 59 9 93 56 30 50 57 41 87 62 45 34 63 72 17 64 65 1 51
60 69 79 70 61 2 15 20 73 14 3 74 78 18 71 77 19 81 89 83 84 88 75
94 82 95 97 98 99 42 100


6 10 5 8 32 66 11 22 12 86 13 76 16 54 24 27 48 29 31 85 58 38 33 80 36 26 37 39 92 28 7 40 52 91 47 21 35 4 43 25 55 23 96 44 2 68 53 46 49 90
59 9 93 56 30 50 57 67 41 87 62 45 34 63 72 17 64 65 1 51 60 69 79 70 61 15 20 73 14 3 74 78 18 71 77 19 81 89 83 84 88 75 94 82 95 97 98 99 42 100


6 10 5 8 32 66 11 22 12 86 13
76 16 54 84 24 27 48 29 31 85 58
38 33 80 36 26 37 39 92 28 7 40
52 91 47 21 35 4 67 43 25 55 23
96 44 2 68 53 46 49 90 59 9 93
56 30 50 57 41 87 62 45 34 63 72
17 64 65 1 51 60 69 79 70 61 15
20 73 14 3 74 78 18 71 77 19 81
89 83 88 75 94 82 95 97 98 99 42
100


6 10 5 8 32 66 11 22 12 86 13 76 16 54 24 27 48 29
31 85 58 38 33 80 36 26 37 39 92 28 7 40 52 91 47 21
35 4 67 43 25 55 96 23 44 2 68 53 46 49 90 59 9 93
56 30 50 57 41 87 62 45 34 63 72 17 64 65 1 51 60 69
79 70 61 15 20 73 14 3 74 78 18 71 77 19 81 89 83 84
88 75 94 82 95 97 98 99 42 100


6 10 5 8 32 66 11 22 12 86 13 76 16 54
24 27 48 29 31 85 58 38 33 80 36 26 37 39
92 28 7 40 52 91 47 21 35 4 67 43 25 55
23 96 44 2 68 57 53 46 49 90 59 9 93 56
30 50 41 87 62 45 34 63 72 17 64 65 1 51
60 69 79 70 61 15 20 73 14 3 74 78 18 71
77 19 81 89 83 84 88 75 94 82 95 97 98 99
42 100


6 10
5 8
32 66
11 22
12 86
13 76
16 54
24 27
48 29
85 58
38 33
80 36
26 37
39 92
28 7
40 52
91 47
21 35
4 67
43 25
55 23
96 44
2 68
53 46
49 90
59 9
93 56
31 30
50 57
41 87
62 45
34 63
72 17
64 65
1 51
60 69
79 70
61 15
20 73
14 3
74 78
18 71
77 19
81 89
83 84
88 75
94 82
95 97
98 99
42 100


6 10 5 8 32 66 11 22 12 86 13 76 16 54 24
27 48 29 31 85 58 38 33 80 36 26 37 39 92 28
7 40 41 52 91 47 21 35 4 67 43 25 55 23 96
44 2 68 53 46 49 90 59 9 93 56 30 50 57 87
62 45 34 63 72 17 64 65 1 51 60 69 79 70 61
15 20 73 14 3 74 78 18 71 77 19 81 89 83 84
88 75 94 82 95 97 98 99 42 100


6 10 5 8 32 66 11 22 12 86 13 76 16 72
54 24 27 48 29 31 85 58 38 33 80 36 26 37
39 92 28 7 40 52 91 47 21 35 4 67 43 25
55 23 96 44 2 68 53 46 49 90 59 9 93 56
30 50 57 41 87 62 45 34 63 17 64 65 1 51
60 69 79 70 61 15 20 73 14 3 74 78 18 71
77 19 81 89 83 84 88 75 94 82 95 97 98 99
42 100


6 10 5 8 32 66 11 22
12 86 13 76 16 54 24 27
48 29 31 85 58 38 33 80
36 26 37 39 92 28 74 7
40 52 91 47 21 35 4 67
43 25 55 23 96 44 2 68
53 46 49 90 59 9 93 56
30 50 57 41 87 62 45 34
63 72 17 64 65 1 51 60
69 79 70 61 15 20 73 14
3 78 18 71 77 19 81 89
83 84 88 75 94 82 95 97
98 99 42 100


6 10 5 8
32 66 11 22
12 86 13 76
16 54 24 27
48 29 31 85
58 38 33 80
36 26 37 39
92 28 7 40
52 91 47 21
35 4 67 43
25 55 23 96
44 2 68 53
46 88 49 90
59 9 93 56
30 50 57 41
87 62 45 34
63 72 17 64
65 1 51 60
69 79 70 61
15 20 73 14
3 74 78 18
71 77 19 81
89 83 84 75
94 82 95 97
98 99 42 100


6 10 5 8 32 66 11 22 12 86 13 76 16 54 24 27 48 29 31 85 58 38 33 80 36 26 37 39 92 28 7 40 52 91 47 21 35 4 67 43 25 55 23 96 44
2 68 53 46 49 90 59 9 93 56 30 50 57 41 87 62 45 34 63 1 72 17 64 65 51 60 69 79 70 61 15 20 73 14 3 74 78 18 71 77 19 81 89 83 84
88 75 94 82 95 97 98 99 42 100


6 10 5 8 32 66 11 22 12 86 13 76
16 54 24 27 48 52 29 31 85 58 38 33
80 36 26 37 39 92 28 7 40 91 47 21
35 4 67 43 25 55 23 96 44 2 68 53
46 49 90 59 9 93 56 30 50 57 41 87
62 45 34 63 72 17 64 65 1 51 60 69
79 70 61 15 20 73 14 3 74 78 18 71
77 19 81 89 83 84 88 75 94 82 95 97
98 99 42 100


6 10 5 8 32 66 11 22 12 86 13 76 16 54 24 27 48 29 31 85 58 38 33 80 36 26 37 39 92 28 7 40 52 91 47 21 35 4 67 43 25 55 23 96 44 2 68 53
46 49 90 59 9 93 56 30 50 57 41 87 62 45 34 63 72 17 64 65 1 51 60 79 70 61 15 20 73 14 3 74 78 18 71 77 19 81 89 83 84 88 75 94 82 95 97 98
99 42 100 69


6 10 5 8 32 66 11 22 12 86 13 76 16 54 24 27 48
29 31 85 58 38 33 80 36 26 37 39 92 28 7 40 52 91
47 21 35 4 67 43 25 55 23 96 44 2 68 53 46 49 90
59 9 93 56 30 50 57 41 87 62 45 34 63 72 17 64 65
1 51 60 69 79 77 70 61 15 20 73 14 3 74 78 18 71
19 81 89 83 84 88 75 94 82 95 97 98 99 42 100


6 10 5 8 32 66 11 22 12 86 13
76 16 54 24 27 48 29 31 85 58 38
33 80 36 26 37 39 92 28 7 40 52
91 47 21 35 4 67 43 25 55 23 96
44 2 68 53 46 49 90 59 9 93 56
30 50 57 41 87 62 45 34 63 72 17
64 65 94 1 51 60 69 79 70 61 15
20 73 14 3 74 78 18 71 77 19 81
89 83 84 88 75 82 95 97 98 99 42
100


6 10 5 8
32 66 11 22
12 86 13 76
16 54 24 27
48 29 31 85
58 38 33 80
36 26 37 39
92 28 7 40
52 91 47 21
35 4 67 43
25 55 23 96
44 2 68 53
46 49 90 59
9 93 56 30
50 57 41 87
62 45 34 63
72 17 64 65
1 51 60 79
69 70 61 15
20 73 14 3
74 78 18 71
77 19 81 89
83 84 88 75
94 82 95 97
98 99 42 100


6 10 5 8 32 66 11 22 12 86 13 76 16 54 24 27 48 29
31 85 58 38 33 80 36 26 37 18 39 92 28 7 40 52 91 47
21 35 4 67 43 25 55 23 96 44 2 68 53 46 49 90 59 9
93 56 30 50 57 41 87 62 45 34 63 72 17 64 65 1 51 60
69 79 70 61 15 20 73 14 3 74 78 71 77 19 81 89 83 84
88 75 94 82 95 97 98 99 42 100


10 5 8 32 66 11 22 12 86 13 76 16 54 24 27 48 29 31 85 58 38 33 80 36 26 37 39 92
28 7 40 52 91 47 21 35 4 67 43 25 55 23 96 44 2 68 53 46 49 90 59 9 93 56 30 50
57 41 87 62 45 34 63 72 17 64 65 1 51 60 69 79 70 61 15 20 73 14 3 74 78 18 71 77
19 81 89 83 84 88 75 94 82 95 97 6 98 99 42 100


