1 23 17 4 5 37 21 27 6 14 7 9 8 13 32
12 39 18 10 28 38 31 22 16 34 26 35 3 24 15
25 20 11 2 29 30 33 36 19 40


1 23 17 4 5 37 27 6 14 7 8
13 32 12 39 18 10 28 21 38 31 22
16 34 26 35 3 24 9 15 25 20 11
2 29 30 33 36 19 40


1 23 17 4 5 37 27 6 14 7
9 8 13 32 12 39 18 10 28 21
38 31 22 16 34 26 35 24 15 25
20 11 2 29 3 30 33 36 19 40


1 23 4 5 37 27 6 14 7 9 8
13 32 12 39 18 10 28 21 38 31 22
16 34 26 35 3 24 17 15 25 20 11
2 29 30 33 36 19 40


1 23 17 4 5 37 27 6 14 7 9 30 8 13 32 12 39 18 10 28
21 38 31 22 16 34 26 35 3 24 15 25 20 11 2 29 33 36 19 40


1 23 17 4 5
37 27 6 14 7
9 8 32 12 13
39 18 10 28 21
38 31 22 16 34
26 35 3 24 15
25 20 11 2 29
30 33 36 19 40


1 23 17
4 5 37
27 14 7
9 8 13
32 12 39
18 10 28
21 38 31
22 16 34
26 35 3
24 15 25
20 11 2
29 30 6
33 36 19
40


1 23 17 4 5
37 27 6 14 7
9 8 13 32 12
39 18 10 28 21
38 31 22 16 34
26 35 3 24 15
25 40 20 11 2
29 30 33 36 19


1 23 17 5 37 27 6 14 7 9 8 13 32 12
39 18 10 28 21 38 31 22 16 34 26 35 3 24
15 25 20 11 2 4 29 30 33 36 19 40


1 23 17 4 5 27 6 14 7 9 8 13 32 12
39 18 10 28 21 38 31 22 37 16 34 26 35 3
24 15 25 20 11 2 29 30 33 36 19 40


1 23 17 4 5 37 6 14 7 9 8 13 32 12 39 18 10
28 21 38 31 22 16 34 26 35 3 24 15 25 20 11 2 29
30 33 36 19 40 27


1 18 23 17 4 5 37 27 6 14 7 9 8 13
32 12 39 10 28 21 38 31 22 16 34 26 35 3
24 15 25 20 11 2 29 30 33 36 19 40


1 23 17 4 5
37 27 6 14 7
20 9 8 13 32
12 39 18 10 28
21 38 31 22 16
34 26 35 3 24
15 25 11 2 29
30 33 36 19 40


1 23 17 4 5 37 27 6 14 7 9 8 13 32 12 39 18
10 28 21 38 31 22 16 34 26 35 3 24 25 20 11 2 29
15 30 33 36 19 40


1 23 17 4 5 37 27 6 14 7 9 8
13 32 12 39 33 18 10 28 21 38 31 22
16 34 26 35 3 24 15 25 20 11 2 29
30 36 19 40


1 23 17 4
5 37 27 6
14 7 9 8
13 32 12 39
18 11 10 28
21 38 31 22
16 34 26 35
3 24 15 25
20 2 29 30
33 36 19 40


1 23 17 4 5 37 27 6 24 14 7 9 8 13 32 12 39
18 10 28 21 38 31 22 16 34 26 35 3 15 25 20 11 2
29 30 33 36 19 40


1 23 17 4 8 5 37 27
6 14 7 9 13 32 12 39
18 10 28 21 38 31 22 16
34 26 35 3 24 15 25 20
11 2 29 30 33 36 19 40


1 23 17 4 5 37 27 6 14 7 9 8 31 13
32 12 39 18 10 28 21 38 22 16 34 26 35 3
24 15 25 20 11 2 29 30 33 36 19 40


1 23 17 4 5 37 27 6 14
7 9 8 13 32 12 39 18 10
28 21 38 31 36 22 16 34 26
35 3 24 15 25 20 11 2 29
30 33 19 40


1 23 17 4 5 37 27 6 14 7 9 8 13 32 12
22 39 18 10 28 21 38 31 16 34 26 35 3 24 15
25 20 11 2 29 30 33 36 19 40


1 23 17 4 5 37 27 6 14 7 9 8 13 32 12 39 18 10
21 38 31 22 16 34 26 28 35 3 24 15 25 20 11 2 29 30
33 36 19 40


1 23 17 4 5 37 27 6 14
7 9 8 13 32 12 39 18 10
28 21 38 31 22 16 34 26 35
3 24 15 20 25 11 2 29 30
33 36 19 40


1 23 17 4 5
37 27 6 14 7
9 8 13 32 12
39 18 10 28 21
38 31 22 16 34
26 35 3 24 15
25 29 20 11 2
30 33 36 19 40


1 23 17 4 5 37 27 6 14 7 9 8
13 32 12 39 18 28 21 38 31 22 16 10
34 26 35 3 24 15 25 20 11 2 29 30
33 36 19 40


1 23 17
4 26 5
37 27 6
14 7 9
8 13 32
12 39 18
10 28 21
38 31 22
16 34 35
3 24 15
25 20 11
2 29 30
33 36 19
40


1 23
17 4
5 37
27 6
14 7
9 8
13 32
39 18
10 28
12 21
38 31
22 16
34 26
35 3
24 15
25 20
11 2
29 30
33 36
19 40


1 23 17 4 5 37 27 6 14 7 9 8 13
32 12 39 18 10 28 21 38 31 16 22 34 26
35 3 24 15 25 20 11 2 29 30 33 36 19
40


1 23
17 4
2 5
37 27
6 14
7 9
8 13
32 12
39 18
10 28
21 38
31 22
16 34
26 35
3 24
15 25
20 11
29 30
33 36
19 40


1 23 17 4 5 37 27
6 14 7 9 8 13 32
19 12 39 18 10 28 21
38 31 22 16 34 26 35
3 24 15 25 20 11 2
29 30 33 36 40


1 23 17 4 5 37 27 6 14 7 39 9 8 13 32
12 18 10 28 21 38 31 22 16 34 26 35 3 24 15
25 20 11 2 29 30 33 36 19 40


1 23 17 4 5 37 27 6
14 7 9 8 35 13 32 12
39 18 10 28 21 38 31 22
16 34 26 3 24 15 25 20
11 2 29 30 33 36 19 40


32 1 23 17 4 5 37 27 6 14
7 9 8 13 12 39 18 10 28 21
38 31 22 16 34 26 35 3 24 15
25 20 11 2 29 30 33 36 19 40


1 23 17 4 5 37 27 6 14 7 9 8 13 32 12 39 18 10
28 21 38 31 22 16 26 35 3 24 15 34 25 20 11 2 29 30
33 36 19 40


