39 2 7 14 11 15 20 1 18 17 63 68 70 4 27 45 23 56 31 57 36 29 24
35 47 61 3 21 34 28 12 37 58 33 38 48 40 41 6 42 43 22 50 13 49 30
19 52 66 60 44 10 46 5 53 55 16 54 59 62 26 64 9 65 8 67 25 51 69
32


39 2 7 14 11 15 20 1 18 17 63 68 70 4 27 45 56 31 57 36 29 24 35 47 23 3 61
21 34 28 12 37 58 33 38 48 40 41 6 42 43 22 50 13 49 30 19 52 66 60 44 10 46 5
53 55 16 54 59 62 26 64 9 65 8 67 25 51 69 32


39 2 7 14 11 15 20 1 18 17 63 68 70 4 27 45 56 31 57 36
29 24 35 47 54 61 23 3 21 34 28 12 37 58 33 38 48 40 41 6
42 43 22 50 13 49 30 19 52 66 60 44 10 46 5 53 55 16 59 62
26 64 9 65 8 67 25 51 69 32


39 2 7 14 11 15 20 1 18 17 63 68 70 4 27
45 56 31 57 36 29 24 35 61 23 3 21 34 28 12
37 58 33 38 48 40 41 6 42 43 22 50 13 49 30
19 52 66 60 44 10 46 5 53 55 16 54 59 62 26
64 47 9 65 8 67 25 51 69 32


39 2 7 11 15 20 1 18 17 63 68 70 4 27 45 56 31 57 36
29 24 35 14 47 61 23 3 21 34 28 12 37 58 33 38 48 40 41
6 42 43 22 50 13 49 30 19 52 66 60 44 10 46 5 53 55 16
54 59 62 26 64 9 65 8 67 25 51 69 32


39 2 7 14 11 15 20 1 18 17 63 68 70
27 45 56 31 57 36 29 24 35 47 61 23 3
21 34 28 12 37 58 33 38 48 40 41 6 42
43 22 50 13 49 30 19 52 66 60 44 10 46
5 53 55 16 54 59 62 26 64 4 9 65 8
67 25 51 69 32


39 2 7 14 11 15 1 18 17 63 68 70 4 27 45
56 31 57 36 29 24 35 47 61 23 3 21 34 28 12
37 58 33 38 48 40 41 6 42 43 22 50 13 20 49
30 19 52 66 60 44 10 46 5 53 55 16 54 59 62
26 64 9 65 8 67 25 51 69 32


39 2 7 14 11 15 20 1 18 17 63 68 70 4 27 45 56 31 36 29 24 35 47 57 61 23 3 21 34 28 12 37 58
33 38 48 40 41 6 42 43 22 50 13 49 30 19 52 66 60 44 10 46 5 53 55 16 54 59 62 26 64 9 65 8 67
25 51 69 32


39 2 7 14 11 15 20 1 17 63 68 70 4 27 45 56 31 57 36 29 24 35 47 61 23 3 21 34 28
12 37 58 33 38 48 40 41 6 42 43 22 50 13 49 30 19 52 66 60 44 10 46 5 53 55 18 16 54
59 62 26 64 9 65 8 67 25 51 69 32


39 2 7 14 11 15 20 1 18 17 63 68 70
4 27 45 56 31 57 36 29 24 35 47 61 23
3 34 28 12 37 58 33 38 48 40 41 6 42
43 22 50 13 49 30 19 52 66 60 44 10 46
5 53 55 16 54 59 62 26 64 9 65 21 8
67 25 51 69 32


39 2 7 14 11 15 20 1 18 17 63 68 70 4 27 45 56 31 57 36
29 24 35 47 61 23 3 21 34 28 12 37 58 33 38 48 40 41 6 42
43 22 50 13 49 30 19 52 66 60 44 32 10 46 5 53 55 16 54 59
62 26 64 9 65 8 67 25 51 69


39 2 7 14 11 15 20
1 18 17 63 68 70 4
27 45 56 31 57 36 29
24 35 47 61 23 3 21
34 28 12 37 58 33 38
48 40 41 6 42 43 22
64 50 13 49 30 19 52
66 60 44 10 46 5 53
55 16 54 59 62 26 9
65 8 67 25 51 69 32


39 2 7 16 14 11 15 20 1 18 17 63 68 70 4 27
45 56 31 57 36 29 24 35 47 61 23 3 21 34 28 12
37 58 33 38 48 40 41 6 42 43 22 50 13 49 30 19
52 66 60 44 10 46 5 53 55 54 59 62 26 64 9 65
8 67 25 51 69 32


39 2 7 14 11 15 20 34 1 18 17 63 68 70 4 27 45 56 31 57 36 29 24 35 47 61 23 3 21 28 12 37
58 33 38 48 40 41 6 42 43 22 50 13 49 30 19 52 66 60 44 10 46 5 53 55 16 54 59 62 26 64 9 65
8 67 25 51 69 32


39 2 7 14 11 15 20 1 18 17 63 68 70 4 27 45 56 31
57 36 29 24 35 47 61 23 3 21 34 28 12 37 58 38 48 40
41 6 42 43 22 50 13 49 30 19 52 66 60 33 44 10 46 5
53 55 16 54 59 62 26 64 9 65 8 67 25 51 69 32


39 2 7 14 11 15 20 1 18 17 63 68 70 4 27 45 56 31 57
36 29 24 35 47 61 23 3 21 34 28 12 37 58 33 38 48 40 41
6 42 43 22 50 9 13 49 30 19 52 66 60 44 10 46 5 53 55
16 54 59 62 26 64 65 8 67 25 51 69 32


39 2 7 14 11 15 20 1 18 17 63 68 70 4 27 45 56 31 57 36
10 29 24 35 47 61 23 3 21 34 28 12 37 58 33 38 48 40 41 6
42 43 22 50 13 49 30 19 52 66 60 44 46 5 53 55 16 54 59 62
26 64 9 65 8 67 25 51 69 32


39 2 7 14 11 15 20 1 18 17 63 68 70 4 27
45 56 31 60 57 36 29 24 35 47 61 23 3 21 34
28 12 37 58 33 38 48 40 41 6 42 43 22 50 13
49 30 19 52 66 44 10 46 5 53 55 16 54 59 62
26 64 9 65 8 67 25 51 69 32


39 2 7
14 11 15
20 1 18
17 63 68
70 4 8
27 45 56
31 57 36
29 24 35
47 61 23
3 21 34
28 12 37
58 33 38
48 40 41
6 42 43
22 50 13
49 30 19
52 66 60
44 10 46
5 53 55
16 54 59
62 26 64
9 65 67
25 51 69
32


39 2 7 50 14 11 15 20 1 18 17 63 68
70 4 27 45 56 31 57 36 29 24 35 47 61
23 3 21 34 28 12 37 58 33 38 48 40 41
6 42 43 22 13 49 30 19 52 66 60 44 10
46 5 53 55 16 54 59 62 26 64 9 65 8
67 25 51 69 32


39 2 7 14 11 15 20 1 18 17 63 68 70
4 27 45 56 31 57 36 29 24 35 47 51 61
23 3 21 34 28 12 37 58 33 38 48 40 41
6 42 43 22 50 13 49 30 19 52 66 60 44
10 46 5 53 55 16 54 59 62 26 64 9 65
8 67 25 69 32


39 7 14 11 15 20 1 18 17 63 68 70 4 27 45 56 31 57 36
29 24 35 47 61 23 3 21 34 28 12 37 58 33 38 48 40 41 6
42 43 22 50 13 49 30 19 52 66 2 60 44 10 46 5 53 55 16
54 59 62 26 64 9 65 8 67 25 51 69 32


39 2 7 14 11 15 20 1 18 17
63 68 70 4 27 45 56 31 57 36
29 24 35 47 61 23 21 34 28 12
37 58 33 38 48 40 41 6 42 43
22 50 13 49 30 19 52 66 60 44
10 46 5 53 55 16 54 59 62 26
64 9 65 8 67 25 51 69 32 3


39 2 7 14 11 15 20 1 18 17 63 68 70 4 27 45 56 31 57 36 29 24 35 47 61 23 3 21
34 28 12 37 58 33 38 48 40 41 6 42 43 22 50 13 49 30 19 52 66 60 44 10 46 5 53 55
16 54 59 62 64 9 65 8 67 25 51 69 32 26


39 2 7 41 14
11 15 20 1 18
17 63 68 70 4
27 45 56 31 57
36 29 24 35 47
61 23 3 21 34
28 12 37 58 33
38 48 40 6 42
43 22 50 13 49
30 19 52 66 60
44 10 46 5 53
55 16 54 59 62
26 64 9 65 8
67 25 51 69 32


39 2 7 14 11 15 20 1 18 17 63 68 70 4 27 45
56 31 57 36 29 24 35 47 61 23 3 21 34 28 12 37
58 33 38 48 40 41 6 42 43 22 50 49 30 19 52 66
60 44 10 46 5 53 55 16 54 59 62 26 13 64 9 65
8 67 25 51 69 32


39 2 7 14 11 15 20 1 18 17 63 68 70 4 27 45 56 31 57 36 29 24 19 35
47 61 23 3 21 34 28 12 37 58 33 38 48 40 41 6 42 43 22 50 13 49 30 52
66 60 44 10 46 5 53 55 16 54 59 62 26 64 9 65 8 67 25 51 69 32


39 2
7 14
11 15
20 1
18 17
63 68
70 4
27 45
56 31
57 36
29 24
35 47
61 23
3 21
34 12
37 58
33 38
48 40
41 6
42 43
22 50
13 49
30 19
52 66
60 44
10 46
5 53
55 16
54 59
62 26
64 9
65 8
67 28
25 51
69 32


39 2 7 14 11 15 20 1 18 17 63 68 70 4 27 45 56 31 57 36
29 24 35 47 61 23 3 21 34 28 37 12 58 33 38 48 40 41 6 42
43 22 50 13 49 30 19 52 66 60 44 10 46 5 53 55 16 54 59 62
26 64 9 65 8 67 25 51 69 32


39 2 7 14 11 15 20 1 18 17 63 68 70 4 27 45 56 31 57 36 24 35 47 61 23 3 29 21 34 28
12 37 58 33 38 48 40 41 6 42 43 22 50 13 49 30 19 52 66 60 44 10 46 5 53 55 16 54 59 62
26 64 9 65 8 67 25 51 69 32


39 2 7 5 14 11 15 20 1 18 17 63 68 70
4 27 45 56 31 57 36 29 24 35 47 61 23 3
21 34 28 12 37 58 33 38 48 40 41 6 42 43
22 50 13 49 30 19 52 66 60 44 10 46 53 55
16 54 59 62 26 64 9 65 8 67 25 51 69 32


39 2 7 14 11 15 68 20 1 18 17 63 70 4 27 45 56 31 57 36 29 24 35 47 61 23 3 21 34 28 12 37 58 33 38
48 40 41 6 42 43 22 50 13 49 30 19 52 66 60 44 10 46 5 53 55 16 54 59 62 26 64 9 65 8 67 25 51 69 32


12 39 2 7 14 11 15 20 1 18 17 63 68 70 4 27 45 56 31 57 36 29 24 35 47
61 23 3 21 34 28 37 58 33 38 48 40 41 6 42 43 22 50 13 49 30 19 52 66 60
44 10 46 5 53 55 16 54 59 62 26 64 9 65 8 67 25 51 69 32


39 2 7 14 11 15 20 1 18 17 63 68 70 4 27 45 56 31 57 36 29 24 35 47 61 23
3 21 34 28 12 37 58 33 38 48 40 41 6 42 43 50 13 49 30 19 52 66 60 44 10 46
5 22 53 55 16 54 59 62 26 64 9 65 8 67 25 51 69 32


39 2 7 14 11 15 20 1 18 17 63 68 70 4 27 45 56 31 57 36 29 24 35 47 61
23 3 21 34 28 67 12 37 58 33 38 48 40 41 6 42 43 22 50 13 49 30 19 52 66
60 44 10 46 5 53 55 16 54 59 62 26 64 9 65 8 25 51 69 32


45 39 2 7 14 11 15 20 1 18 17 63 68 70 4 27 56 31 57 36 29 24 35 47 61 23 3 21 34 28 12 37 58
33 38 48 40 41 6 42 43 22 50 13 49 30 19 52 66 60 44 10 46 5 53 55 16 54 59 62 26 64 9 65 8 67
25 51 69 32


39 2 7 14 11 15 20 1 18 17 63 68 70 4 27 45 56 69 31 57 36 29 24 35 47 61 23 3 21 34 28 12 37 58
33 38 48 40 41 6 42 43 22 50 13 49 30 19 52 66 60 44 10 46 5 53 55 16 54 59 62 26 64 9 65 8 67 25
51 32


70 39 2
7 14 11
15 20 1
18 17 63
68 4 27
45 56 31
57 36 29
24 35 47
61 23 3
21 34 28
12 37 58
33 38 48
40 41 6
42 43 22
50 13 49
30 19 52
66 60 44
10 46 5
53 55 16
54 59 62
26 64 9
65 8 67
25 51 69
32


65 39 2 7 14 11 15 20 1 18 17 63 68 70 4
27 45 56 31 57 36 29 24 35 47 61 23 3 21 34
28 12 37 58 33 38 48 40 41 6 42 43 22 50 13
49 30 19 52 66 60 44 10 46 5 53 55 16 54 59
62 26 64 9 8 67 25 51 69 32


