2 3 53 50 33 48 9 43 6 13 24 18 19 55 28 10
29 14 25 21 17 22 27 30 5 31 16 32 34 38 26 40
56 37 1 41 54 42 44 4 39 45 47 49 12 46 52 8
20 15 51 36 57 23 58 35 7 59 11 60


2 3 53 50 33 9 43 6 13 24 18 19 55 28
10 29 14 25 21 17 22 27 30 5 31 16 32 34
38 26 40 56 37 1 41 54 42 44 4 39 45 47
49 12 46 52 8 20 15 58 51 36 48 57 23 35
7 59 11 60


2 3 53 50 33 9 43 6 13 24 18 19 55 28 10 29 14 25 21 17 22 27 30 5 31
26 16 32 34 38 40 56 37 1 41 54 42 44 4 39 45 47 49 12 46 52 8 20 15 51
36 48 57 23 58 35 7 59 11 60


2 3 53 50 33 9 43 6 13 24 18 19 55 28 10 29 14 25 21
17 22 27 30 5 31 16 32 34 38 26 40 56 37 1 41 54 42 44
4 46 39 45 47 49 12 52 8 20 15 51 36 48 57 23 58 35 7
59 11 60


2 3 53 50 33 9 43 6 13 24 18 19 55 28 10
29 14 25 21 17 22 27 30 5 31 16 32 34 38 26
40 56 37 1 41 54 42 44 4 39 45 47 12 46 52
8 20 15 51 36 48 57 23 58 49 35 7 59 11 60


2 3 53 50 33 9 43 6 13 24 18 19 55 28 10
29 14 25 21 17 22 27 30 5 31 16 32 34 38 59
26 40 56 37 1 41 54 42 44 4 39 45 47 49 12
46 52 8 20 15 51 36 48 57 23 58 35 7 11 60


2 3 10 53 50 33
9 43 6 13 24 18
19 55 28 29 14 25
21 17 22 27 30 5
31 16 32 34 38 26
40 56 37 1 41 54
42 44 4 39 45 47
49 12 46 52 8 20
15 51 36 48 57 23
58 35 7 59 11 60


2 3 53 50 33 9 43 6 13 24 18 19 28 10 29
14 25 21 17 22 27 30 5 31 16 32 34 38 26 40
56 37 1 41 54 42 44 4 39 55 45 47 49 12 46
52 8 20 15 51 36 48 57 23 58 35 7 59 11 60


2 3 53 50 33 9 43 6 13 24 18 19 55 28 10 29 14 25 21 52 17 22 27 30
5 31 16 32 34 38 26 40 56 37 1 41 54 42 44 4 39 45 47 49 12 46 8 20
15 51 36 48 57 23 58 35 7 59 11 60


3 53 50
33 9 43
6 13 24
18 19 55
28 10 29
14 25 21
17 22 27
30 5 31
16 32 34
38 26 40
56 37 1
41 54 42
44 4 39
45 47 49
2 12 46
52 8 20
15 51 36
48 57 23
58 35 7
59 11 60


2 3 53 50 33 9
43 6 13 24 18 19
55 28 10 29 14 25
21 17 22 27 30 5
31 12 16 32 34 38
26 40 56 37 1 41
54 42 44 4 39 45
47 49 46 52 8 20
15 51 36 48 57 23
58 35 7 59 11 60


2 3 53 50 33 9 43 6 13 24 18 19 55 28 10 29 14 25 21 17 22 27 30 5 31 16 32 34 38 26
40 56 37 1 41 54 42 4 39 45 47 49 12 46 52 8 20 15 51 36 44 48 57 23 58 35 7 59 11 60


2 3 53 50
9 43 6 13
24 18 19 55
28 10 29 33
14 25 21 17
22 27 30 5
31 16 32 34
38 26 40 56
37 1 41 54
42 44 4 39
45 47 49 12
46 52 8 20
15 51 36 48
57 23 58 35
7 59 11 60


2 3 53 50 33 9 43 13 24 18 19 55 28
10 29 14 25 21 17 22 27 30 5 6 31 16
32 34 38 26 40 56 37 1 41 54 42 44 4
39 45 47 49 12 46 52 8 20 15 51 36 48
57 23 58 35 7 59 11 60


2 14 3 53 50 33 9 43 6 13 24 18 19 55 28 10 29 25 21 17 22 27 30 5
31 16 32 34 38 26 40 56 37 1 41 54 42 44 4 39 45 47 49 12 46 52 8 20
15 51 36 48 57 23 58 35 7 59 11 60


2 3 53 33 9 43 6 13 24 18 19 55 28 10 29 14 25 21 17 22 27 30
5 31 16 32 34 38 26 40 56 37 1 41 54 50 42 44 4 39 45 47 49 12
46 52 8 20 15 51 36 48 57 23 58 35 7 59 11 60


2 3 53 50 33 9 43 6 13 24 18 19 55 28 10 29 14 25 21 17 22 27 5 31 16
32 34 38 30 26 40 56 37 1 41 54 42 44 4 39 45 47 49 12 46 52 8 20 15 51
36 48 57 23 58 35 7 59 11 60


2 3 53 50 33 9 43 6 13 24 18 19 55 28 10 29 14 25 21 17 22 27 30 5 31 16 32 34
38 26 40 56 37 1 41 54 42 44 4 39 45 47 49 12 46 52 20 15 51 36 8 48 57 23 58 35
7 59 11 60


2 3 53 50 33 9 6 13
24 18 19 55 28 10 29 43
14 25 21 17 22 27 30 5
31 16 32 34 38 26 40 56
37 1 41 54 42 44 4 39
45 47 49 12 46 52 8 20
15 51 36 48 57 23 58 35
7 59 11 60


2 3 53 50 33 9 43 6 13 24 18 19 55 28 10 29 14 25 21 17 22 27 30 5 31 16 32
34 38 26 40 56 37 1 41 54 42 44 39 45 47 49 12 46 52 4 8 20 15 51 36 48 57 23
58 35 7 59 11 60


2 53 50 33 9 43 6 13 24 18 19 55 28 10 29 14 25 21 17 22 27 30 5
31 16 32 34 3 38 26 40 56 37 1 41 54 42 44 4 39 45 47 49 12 46 52
8 20 15 51 36 48 57 23 58 35 7 59 11 60


2 3 53 50 33 43 6 13 24 18 19 55 28 10 29 14 25 21 17 22 27 30 5 31 16 32
34 38 26 40 56 37 1 41 54 42 44 4 39 45 47 49 12 46 52 8 9 20 15 51 36 48
57 23 58 35 7 59 11 60


2 3 53 50 33 9 43 6 13 24 18 19 55 10 29 14 25 21 17 22 27 30 5 31 16 32 34 38
26 40 56 37 1 41 54 42 44 4 39 45 47 49 12 46 52 8 20 15 51 36 48 57 23 58 28 35
7 59 11 60


2 3 53 50 33 9 43 6 13 24 18 19 55 28 10
29 14 21 25 17 22 27 30 5 31 16 32 34 38 26
40 56 37 1 41 54 42 44 4 39 45 47 49 12 46
52 8 20 15 51 36 48 57 23 58 35 7 59 11 60


2 3 53 50 33 9 43 6 13 24 18 19
32 55 28 10 29 14 25 21 17 22 27 30
5 31 16 34 38 26 40 56 37 1 41 54
42 44 4 39 45 47 49 12 46 52 8 20
15 51 36 48 57 23 58 35 7 59 11 60


2 3 53 50 33 9 43 6 13 24 18 19 55 28 10 29 14
25 21 17 22 27 30 5 31 16 32 34 42 38 26 40 56 37
1 41 54 44 4 39 45 47 49 12 46 52 8 20 15 51 36
48 57 23 58 35 7 59 11 60


