28 47
43 46
5 19
1 27
17 3
14 2
4 32
8 9
12 18
31 44
15 42
30 50
20 24
11 25
33 36
26 16
10 34
35 37
22 21
38 7
29 40
41 23
6 13
45 39
49 48


28 43 46 5 19 1 27 17
3 14 2 4 32 8 9 47
12 18 31 44 15 42 30 50
20 24 11 25 40 33 36 26
16 10 34 35 37 22 21 38
7 29 41 23 6 13 45 39
49 48


28 43 46 5 1 27 17 3
14 2 4 32 8 9 47 12
18 31 44 15 19 42 30 50
20 24 11 25 33 36 26 16
10 34 35 37 22 21 38 7
29 40 41 23 6 13 45 39
49 48


28 43 46
5 19 1
27 17 3
14 38 2
4 32 8
9 47 12
18 31 44
15 42 30
50 20 24
11 25 33
36 26 16
10 34 35
37 22 21
7 29 40
41 23 6
13 45 39
49 48


28 43 46 5 19 1 27 17 3 14 2 4 32 8 9
47 12 18 44 15 42 30 50 20 24 11 25 33 36 26
16 10 34 35 31 37 22 21 38 7 29 40 41 23 6
13 45 39 49 48


28 43 46 5 19 1
27 17 3 14 2 32
8 9 47 12 18 31
44 15 42 30 50 20
24 11 25 33 36 26
16 10 34 35 37 22
21 38 7 29 40 41
23 6 13 45 4 39
49 48


28 43 46 5 19 1 27 17 3 14 2 4 32 8 9 47 12 18 31 44 15 42
30 50 20 29 24 11 25 33 36 26 16 10 34 35 37 22 21 38 7 40 41 23
6 13 45 39 49 48


28 43 46 5 19 1 27 17 3 14 2 4 32 8 9 47 12 18 31
44 15 42 30 50 39 20 24 11 25 33 36 26 16 10 34 35 37 22
21 38 7 29 40 41 23 6 13 45 49 48


28 43 46 5 19 1 27 17 3 14 2 4 32 9 47 12
18 8 31 44 15 42 30 50 20 24 11 25 33 36 26 16
10 34 35 37 22 21 38 7 29 40 41 23 6 13 45 39
49 48


28 43 46 5 19 1 27 17 3 14 2 4 32 8
9 47 12 18 31 44 15 30 50 20 24 11 25 33
36 26 16 10 34 35 37 22 21 38 7 29 42 40
41 23 6 13 45 39 49 48


28 43 46 5 19 1 27 17 3 14 2 4 32 8 9 47 12 18 31 44 15 42 30
50 20 24 11 25 33 36 26 16 10 34 37 22 21 38 7 29 40 41 23 6 13 45
39 49 48 35


28 43 46 5 19 1 27 17 3 14 2 4 32 8 9 47 12 18 50
31 44 15 42 30 20 24 11 25 33 36 26 16 10 34 35 37 22 21
38 7 29 40 41 23 6 13 45 39 49 48


28 43 46 5 19 1 27 17 3 14 2 4 32 8 9 47 12 18 31 44 15
42 30 50 20 24 25 33 36 26 16 10 34 35 37 22 11 21 38 7 29 40
41 23 6 13 45 39 49 48


28 43 46 5 19 1 27 17
3 14 4 2 32 8 9 47
12 18 31 44 15 42 30 50
20 24 11 25 33 36 26 16
10 34 35 37 22 21 38 7
29 40 41 23 6 13 45 39
49 48


28 43 46 5 19 1
27 17 3 14 2 4
32 8 9 47 12 18
31 44 15 42 30 50
20 24 11 33 36 26
16 10 34 35 37 22
21 38 7 29 40 25
41 23 6 13 45 39
49 48


28 43 46 5 19 1 27 17 14 2 4 32 8 9 47 12 18 31 44 15 42 30
50 20 24 11 25 33 36 26 16 10 34 35 37 22 21 38 3 7 29 40 41 23
6 13 45 39 49 48


43 46 5 19 1 27 17 3 14 2 4 32 8 9 47 12 18 31 44 15 42 30
50 20 24 11 25 28 33 36 26 16 10 34 35 37 22 21 38 7 29 40 41 23
6 13 45 39 49 48


