55 28 1 4 73 6 8 68 35 10
59 16 21 13 20 7 37 25 17 39
50 65 44 26 29 32 33 34 47 40
22 36 79 41 49 77 43 45 61 46
48 42 23 2 27 18 71 5 54 56
30 58 11 57 51 72 12 19 24 63
64 52 38 78 76 66 67 14 31 69
15 70 3 53 74 75 60 62 9 80


55 28 1 4 73 8 68 35 10 59 16 21 13 20 7 37 25 17 39
50 6 65 44 26 29 32 33 34 47 40 22 36 79 41 49 77 43 45
46 48 42 23 2 27 18 71 5 54 56 30 58 11 57 51 72 12 19
24 61 63 64 52 38 78 76 66 67 14 31 69 15 70 3 53 74 75
60 62 9 80


55 28 1 75 4 73 6 8 68 35 10 59 16 21 13 20 7 37 25 17 39 50 65
44 26 29 32 33 34 47 40 22 36 79 41 49 77 43 45 46 48 42 23 2 27 18
71 5 54 56 30 58 11 57 51 72 12 19 24 61 63 64 52 38 78 76 66 67 14
31 69 15 70 3 53 74 60 62 9 80


55 28 1 4 73 6 8 68 35 10 59 16 21 13 20 7 37 25 17 39 50 65 44 26 29 32 33 34 47 22 36 79 41 49 77 43 45 46 48 42
23 2 27 18 71 5 54 56 30 58 11 57 51 72 12 19 24 61 63 64 52 38 78 76 66 67 14 40 31 69 15 70 3 53 74 75 60 62 9 80


55 28 1 4 73 6 8 68
35 10 59 16 21 13 20 7
37 25 17 39 50 65 44 26
29 32 33 34 47 76 40 22
36 79 41 49 77 43 45 46
48 42 23 2 27 18 71 5
54 56 30 58 11 57 51 72
12 19 24 61 63 64 52 38
78 66 67 14 31 69 15 70
3 53 74 75 60 62 9 80


55 28 1 4 73 6 8
68 35 10 59 16 21 13
20 7 37 25 17 39 50
65 44 26 29 32 33 34
47 40 22 36 79 41 49
77 43 45 46 71 48 42
23 2 27 18 5 54 56
30 58 11 57 51 72 12
19 24 61 63 64 52 38
78 76 66 67 14 31 69
15 70 3 53 74 75 60
62 9 80


55 28 1 4 73 6 8 68 35 10 59 16 21 13 20 7 37 25 17
39 50 65 44 26 29 32 33 34 47 40 22 36 79 41 49 77 43 45
46 48 42 23 2 27 18 71 5 54 52 56 30 58 11 57 51 72 12
19 24 61 63 64 38 78 76 66 67 14 31 69 15 70 3 53 74 75
60 62 9 80


55 28
1 4
73 6
8 68
35 10
59 16
21 13
20 7
37 25
17 39
50 65
44 26
29 32
33 34
47 40
22 36
79 41
49 77
43 45
46 48
42 23
2 27
70 18
71 5
54 56
30 58
11 57
51 72
12 19
24 61
63 64
52 38
78 76
66 67
14 31
69 15
3 53
74 75
60 62
9 80


55 28 1 4
73 6 8 68
35 10 59 16
21 13 20 7
37 25 17 39
50 65 44 26
29 32 33 34
47 40 22 36
79 41 49 77
43 45 46 48
54 42 23 2
27 18 71 5
56 30 58 11
57 51 72 12
19 24 61 63
64 52 38 78
76 66 67 14
31 69 15 70
3 53 74 75
60 62 9 80


55 28 1 4 73 6 8 68 35 10 59 16 21 13 20 7 37 25 17 39 50 65 44 26 29 32 33 34 47 40 22 36
79 41 49 77 43 45 46 48 42 23 2 27 18 71 5 54 56 30 58 11 57 51 72 12 19 24 14 61 63 64 52 38
78 76 66 67 31 69 15 70 3 53 74 75 60 62 9 80


55 28 1 4 73 6 8 68 35 10 59
16 21 13 20 7 37 25 17 39 50 65
44 26 29 32 33 34 79 47 40 22 36
41 49 77 43 45 46 48 42 23 2 27
18 71 5 54 56 30 58 11 57 51 72
12 19 24 61 63 64 52 38 78 76 66
67 14 31 69 15 70 3 53 74 75 60
62 9 80


65 55 28 1 4 73 6 8 68 35 10 59 16 21 13 20 7 37 25 17 39 50 44 26 29 32 33 34 47 40 22 36 79 41 49 77 43
45 46 48 42 23 2 27 18 71 5 54 56 30 58 11 57 51 72 12 19 24 61 63 64 52 38 78 76 66 67 14 31 69 15 70 3 53
74 75 60 62 9 80


55 28 1 4 73 6 8 68 35 10 59 16
21 13 20 7 37 25 17 39 50 65 44 26
29 32 33 34 47 40 22 36 79 41 49 77
43 45 46 48 42 23 2 18 71 5 54 56
30 58 11 57 51 72 12 19 24 61 63 64
52 38 78 76 66 67 14 31 69 15 70 3
53 74 75 60 27 62 9 80


55 28 1 4
73 6 8 68
35 10 59 16
21 13 20 7
37 25 17 39
50 65 44 26
29 32 33 34
47 40 22 36
79 41 49 77
43 45 46 48
42 80 23 2
27 18 71 5
54 56 30 58
11 57 51 72
12 19 24 61
63 64 52 38
78 76 66 67
14 31 69 15
70 3 53 74
75 60 62 9


55 28 1 4 73 6
8 68 35 10 59 16
21 13 7 37 25 17
39 50 65 44 26 29
32 33 34 47 40 22
36 79 41 49 77 43
45 46 48 42 23 2
20 27 18 71 5 54
56 30 58 11 57 51
72 12 19 24 61 63
64 52 38 78 76 66
67 14 31 69 15 70
3 53 74 75 60 62
9 80


55 28 1 4 73 6 8 68 35 10 59 16 21 13 20 7 37 25 17 39 50 65 44 26 29 32 33 34 47 40
22 36 79 41 49 77 43 45 46 48 42 23 2 27 18 71 5 54 30 58 11 57 51 72 12 19 24 61 63 64
52 56 38 78 76 66 67 14 31 69 15 70 3 53 74 75 60 62 9 80


55 28 1 4 73 6 8 68 35 59 16 21
13 20 7 37 25 17 39 50 65 44 26 10
29 32 33 34 47 40 22 36 79 41 49 77
43 45 46 48 42 23 2 27 18 71 5 54
56 30 58 11 57 51 72 12 19 24 61 63
64 52 38 78 76 66 67 14 31 69 15 70
3 53 74 75 60 62 9 80


55 28 1 4 73 6 8 68
35 10 59 16 21 13 20 7
37 25 5 17 39 50 65 44
26 29 32 33 34 47 40 22
36 79 41 49 77 43 45 46
48 42 23 2 27 18 71 54
56 30 58 11 57 51 72 12
19 24 61 63 64 52 38 78
76 66 67 14 31 69 15 70
3 53 74 75 60 62 9 80


55 28 1 34 4 73 6 8 68 35 10 59 16 21 13 20 7 37 25 17 39 50 65 44 26 29
32 33 47 40 22 36 79 41 49 77 43 45 46 48 42 23 2 27 18 71 5 54 56 30 58 11
57 51 72 12 19 24 61 63 64 52 38 78 76 66 67 14 31 69 15 70 3 53 74 75 60 62
9 80


55 28 1 4 73 6 8 68 35 10 59 16 21 13 20 7 37 25 17 39 50 65 44 26 29 32 33 34 47 40 22
36 79 41 49 77 43 45 46 48 42 23 2 27 18 71 5 54 56 30 58 11 51 72 12 19 24 61 63 64 52 38
78 57 76 66 67 14 31 69 15 70 3 53 74 75 60 62 9 80


55 28 1 4 6 8 68 35 10 59 16 21 13 20 7 37 25 17 39 50 65 44 26 29 32 33 34 47 40 22 36 79 41 49 77 43 45 46
48 42 23 2 27 18 71 5 54 56 30 58 11 57 51 72 12 19 24 61 63 64 52 38 78 76 66 67 14 31 69 15 73 70 3 53 74 75
60 62 9 80


55 28 1 4 73 6 8 68 35 10 59 16 21 13 20 37 25 17 39 50 65 44
26 29 32 33 34 47 40 22 36 79 41 49 77 43 45 46 48 42 23 2 27 18
71 5 54 56 30 58 11 57 51 72 12 19 24 61 63 64 52 38 78 76 66 67
14 31 69 15 7 70 3 53 74 75 60 62 9 80


55 28 1 4 73 6 8 68 35 10 59 16 21 13 20 7 37 25 17 39
50 65 44 26 29 32 33 34 47 40 22 36 79 41 49 77 43 45 46 48
42 23 2 27 71 5 54 56 30 58 18 11 57 51 72 12 19 24 61 63
64 52 38 78 76 66 67 14 31 69 15 70 3 53 74 75 60 62 9 80


55 28 1 4 73 6 8 68 35 10 59 16 21 13 20 7
37 25 17 39 50 65 44 26 29 32 33 34 47 40 36 79
41 49 77 43 45 46 48 42 23 2 27 18 71 5 54 56
30 58 11 57 51 72 12 19 24 61 63 64 52 38 78 76
66 67 14 31 22 69 15 70 3 53 74 75 60 62 9 80


55 28 1 4 73
6 8 68 35 10
59 16 21 13 20
7 37 25 17 39
50 65 44 26 29
32 33 34 19 47
40 22 36 79 41
49 77 43 45 46
48 42 23 2 27
18 71 5 54 56
30 58 11 57 51
72 12 24 61 63
64 52 38 78 76
66 67 14 31 69
15 70 3 53 74
75 60 62 9 80


