64 15 1 90 70 68 29 87 22 59 9 79 47 35 69 4 86 5 44 19 2 3 6 74 81 80 24 7 8 30 13 17 62 89 36 18 34 20 21 16 37 65 27 25 33
26 28 63 31 54 41 46 48 39 32 49 50 40 75 53 55 51 58 78 57 60 85 61 71 66 45 72 73 77 76 67 10 14 56 82 38 83 52 43 84 88 12 42 11 23


64 15 1 90 70 68 29 87 22 59 9 79 47 35 69 4 86 5 44 19 2 3 74 81 80 6 24 7
8 30 13 17 62 89 36 18 34 20 21 16 65 27 25 33 26 28 63 37 31 54 41 46 48 39 32 49
50 40 75 53 55 51 58 78 57 60 85 61 71 66 45 72 73 77 76 67 10 14 56 82 38 83 52 43
84 88 12 42 11 23


64 15 1 90 70 68 29 87 22 59 9 79 47 35 69 4 86 5 44 19 2 3 74 81 80 6 24 7 8 30 13 17 62 89 36 18 34 20 21
16 37 65 27 25 33 26 28 63 31 54 41 46 39 32 49 50 40 75 53 55 51 58 78 57 60 85 61 71 66 45 72 73 77 76 67 10 14 48
56 82 38 83 52 43 84 88 12 42 11 23


64 15 1 90 70 68 29 87 59 9 79 47 35 69 4 86 5 44 19 2 3 74 81 80 6 24 7 8 30 13 17 62 89 36 18 34 20 21 16 37 65 27 22 25
33 26 28 63 31 54 41 46 48 39 32 49 50 40 75 53 55 51 58 78 57 60 85 61 71 66 45 72 73 77 76 67 10 14 56 82 38 83 52 43 84 88 12 42
11 23


64 15 1 90 70 68 29 87 22 59 9 79 47 35 69 4
86 5 44 19 2 3 74 81 80 6 24 7 8 30 13 17
62 89 36 18 34 20 21 16 37 65 27 25 33 26 28 61
63 31 54 41 46 48 39 32 49 50 40 75 53 55 51 58
78 57 60 85 71 66 45 72 73 77 76 67 10 14 56 82
38 83 52 43 84 88 12 42 11 23


64 15 1 90 70 68 29 87 22 59 9 79
47 35 69 4 86 5 44 19 2 3 74 81
80 6 24 7 8 30 13 17 62 89 36 34
20 21 16 37 65 27 25 33 26 28 63 31
54 41 46 48 39 32 49 50 40 75 53 55
51 58 78 57 60 85 61 71 66 45 72 73
77 76 67 10 14 56 82 38 83 52 43 18
84 88 12 42 11 23


64 15 1 90 70 68 29 87 22 59 9 79 47 35 69 4 86 5 44 19 2 3 74 80 6 24 7 8 30 13 17 62 89 36 18 34 20 21 16 37 65
27 25 33 26 28 63 31 54 41 46 48 39 32 49 50 40 75 53 55 51 58 78 57 60 85 61 71 66 45 72 73 77 76 67 10 14 56 81 82 38 83
52 43 84 88 12 42 11 23


64 15 1 90 70
68 29 87 22 59
9 79 47 35 69
4 86 5 44 19
2 3 74 81 80
6 24 7 8 30
13 17 62 89 36
18 34 20 21 16
37 65 27 25 26
33 28 63 31 54
41 46 48 39 32
49 50 40 75 53
55 51 58 78 57
60 85 61 71 66
45 72 73 77 76
67 10 14 56 82
38 83 52 43 84
88 12 42 11 23


64 15 1 90 70 68
29 22 59 9 79 47
35 69 4 86 5 44
19 2 3 74 81 80
6 24 7 8 30 13
17 62 89 36 18 34
20 21 16 37 65 27
25 33 26 28 63 31
54 41 46 48 39 32
49 50 40 75 53 55
87 51 58 78 57 60
85 61 71 66 45 72
73 77 76 67 10 14
56 82 38 83 52 43
84 88 12 42 11 23


64 15 1 90 70 68 29 87 22 59 27 9 79 47 35 69 4 86 5 44 19 2 3 74 81 80 6 24 7 8 30 13 17 62 89
36 18 34 20 21 16 37 65 25 33 26 28 63 31 54 41 46 48 39 32 49 50 40 75 53 55 51 58 78 57 60 85 61 71 66
45 72 73 77 76 67 10 14 56 82 38 83 52 43 84 88 12 42 11 23


64 15 1 90 70 68 29 87 22 59 9 66 79 47 35 69 4 86 5 44 19 2 3 74
81 80 6 24 7 8 30 13 17 62 89 36 18 34 20 21 16 37 65 27 25 33 26 28
63 31 54 41 46 48 39 32 49 50 40 75 53 55 51 58 78 57 60 85 61 71 45 72
73 77 76 67 10 14 56 82 38 83 52 43 84 88 12 42 11 23


64 15 1 90 70 68 29 87 22 9 79 59 47 35 69 4 86 5 44 19 2 3 74 81 80 6 24 7 8 30
13 17 62 89 36 18 34 20 21 16 37 65 27 25 33 26 28 63 31 54 41 46 48 39 32 49 50 40 75 53
55 51 58 78 57 60 85 61 71 66 45 72 73 77 76 67 10 14 56 82 38 83 52 43 84 88 12 42 11 23


64 15 1 90 70 68 29 87 22 59 9 79 47 35 69 4 86 5 44 19 2 3 74 81 80 6 51 24 7 8 30 13 17 62 89 36 18 34 20 21 16 37 65
27 25 33 26 28 63 31 54 41 46 48 39 32 49 50 40 75 53 55 58 78 57 60 85 61 71 66 45 72 73 77 76 67 10 14 56 82 38 83 52 43 84 88
12 42 11 23


