1 12 5 2
15 10 4 7
18 16 13 14
3 11 9 6
8 17 19 20


1 12 5 2 15
10 4 18 7 13
14 3 16 11 9
6 8 17 19 20


1 12
5 2
15 4
18 7
16 13
14 3
11 9
6 8
17 19
10 20


1 12 2 15 10 4 18 7 16 5
13 14 3 11 9 6 8 17 19 20


1 12 5 2 15 10 4 20
18 7 16 13 14 3 11 9
6 8 17 19


1 12 7 5 2 15 10 4 18
16 13 14 3 11 9 6 8 17
19 20


1 12 5 2 15 10 4 18 7
16 13 14 3 11 9 6 17 19
8 20


1 12 5 2 15
10 4 18 7 16
11 13 14 3 9
6 8 17 19 20


1 12 5 2 3 15 10
4 18 7 16 13 14 11
9 6 8 17 19 20


1 12 5
2 15 10
4 18 7
16 13 14
3 11 6
9 8 17
19 20


1 12 5 2 15 10 4 18 7
16 14 13 3 11 9 6 8 17
19 20


1 12
5 2
15 10
18 4
7 16
13 14
3 11
9 6
8 17
19 20


1 12 5
2 15 10
4 18 7
16 13 14
17 3 11
9 6 8
19 20


1 12 5 2 10 4 18
15 7 16 13 14 3 11
9 6 8 17 19 20


12 5 2 15
10 4 18 7
16 13 14 3
11 9 6 8
17 19 20 1


1 12 5 15 10
4 18 7 16 13
14 3 11 2 9
6 8 17 19 20


1 5 12 2
15 10 4 18
7 16 13 14
3 11 9 6
8 17 19 20


1 12 5 2 6 15 10
4 18 7 16 13 14 3
11 9 8 17 19 20


1 12 5
2 15 10
4 18 7
16 13 3
11 9 6
14 8 17
19 20


