13 15 18 10 27 20
3 4 21 7 8 23
5 29 17 9 12 6
1 11 16 19 24 25
14 26 2 22 28 30


13 15 18
25 10 27
20 3 12
4 21 7
8 23 5
29 17 9
6 1 11
16 19 24
14 26 2
22 28 30


13 15 18 10 27 20 3 12 4 21 7
8 23 5 29 17 6 1 11 16 19 24
25 14 26 2 22 9 28 30


13 15 18 10 26 27 20 3 12
4 21 7 8 23 5 29 17 9
6 1 11 16 19 24 25 14 2
22 28 30


13 15 18 10 27
20 3 12 4 21
22 7 8 23 5
29 17 9 6 1
11 16 19 24 25
14 26 2 28 30


13 15 18 10 27
20 3 12 4 21
7 8 23 5 17
9 6 1 11 16
19 24 25 14 29
26 2 22 28 30


13 15 18 10 27 20 3 12 4 21
7 8 23 5 29 11 17 9 6 1
16 19 24 25 14 26 2 22 28 30


13 15 20 18 10 27 3 12 4 21 7 8 23 5
29 17 9 6 1 11 16 19 24 25 14 26 2 22
28 30


13 15 18
27 20 3
12 4 21
7 8 23
5 29 10
17 9 6
1 11 16
19 24 25
14 26 2
22 28 30


15 18 10 27 20 3 12 4 21 7 8 23
5 29 17 9 6 1 11 16 19 13 24 25
14 26 2 22 28 30


3 13 15 18 10 27 20 12 4 21 7 8 23 5 29
17 9 6 1 11 16 19 24 25 14 26 2 22 28 30


13 15 18 10 27 20 3 12 4 21
5 7 8 23 29 17 9 6 1 11
16 19 24 25 14 26 2 22 28 30


13 15 18 10 27 20 3 12
2 4 21 7 8 23 5 29
17 9 6 1 11 16 19 24
25 14 26 22 28 30


13 15
18 10
27 20
3 12
4 21
7 8
5 29
17 9
6 1
11 23
16 19
24 25
14 26
2 22
28 30


13 15 18
10 27 20
3 12 4
21 8 23
5 29 17
9 6 1
11 16 19
24 25 14
26 2 22
28 30 7


13 15 18 10 27 20 3 12
4 7 8 23 5 29 17 9
6 21 1 11 16 19 24 25
14 26 2 22 28 30


13 15 18 10 27 20
3 12 4 21 24 7
8 23 5 29 17 9
6 1 11 16 19 25
14 26 2 22 28 30


13 15 18 10 27 20 3 12 4 21 7 8 23
5 29 17 9 1 11 16 19 24 25 14 6 26
2 22 28 30


13 15 18 10 27 20 3
12 1 4 21 7 8 23
5 29 17 9 6 11 16
19 24 25 14 26 2 22
28 30


13 15 18 10 27 20 3 12 4 21 7 8 23
5 29 17 9 16 6 1 11 19 24 25 14 26
2 22 28 30


13 15 30 18 10 27 20 3 12 4 21 7 8
23 5 29 17 9 6 1 11 16 19 24 25 14
26 2 22 28


19 13 15 18 10 27 20 3 12 4
21 7 8 23 5 29 17 9 6 1
11 16 24 25 14 26 2 22 28 30


13 18
10 27
20 3
12 4
21 7
8 23
15 5
29 17
9 6
1 11
16 19
24 25
14 26
2 22
28 30


13 15 18 8 10 27 20 3 12 4
21 7 23 5 29 17 9 6 1 11
16 19 24 25 14 26 2 22 28 30


13 15 18 10 20 3 12 4 21 7
8 23 5 29 17 9 6 1 11 16
19 24 25 14 27 26 2 22 28 30


