

10 -1 7 -6 9
6 6 8 9
-8 -5 10 8 5 -7 -2 1 9
-8 -6 10 10 8 -2 4 -4 -6 -9
-1 -7 5 0 -8 6 9
7 2 1 -8 9
-6 -6 -1 9
5 0 5 9
9
8 2 -1 -2 0 9
6 -10 9
-9
-8 -10 -3 -4 5 7 -1 10 10 9
10 -7 1 10 8 4 -9
8 8 0 -10 -3 7 -8 -2 -6 -2 3 -1 -3 -8 -4 1 9
-1 -1 -2 -4 -10 -5 4 -2 1 4 -4 -8 -4 -2 10 6 -2 -3 0 -2 5 4 1 -1 9
7 -5 -7 3 -5 6 2 -2 7 5 2 10 -5 2 -8 6 10 3 6 -5 5 -2 -8 -9
2 -2 6 1 8 10 4 5 -6 9
-2 4 8 -4 9
0 9
-3 -7 -2 -5 -2 -6 -7 -6 -4 1 -4 3 -9
-6 -6 8 0 -10 8 -2 -8 1 8 -7 7 4 10 8 -9
3 5 -7 2 5 7 9
-6 -8 -2 -6 -2 -2 0 2 1 -7 -5 8 -8 8 2 10 -3 -9
-2 -5 9
6 2 -5 4 7 -6 -10 -4 4 9
-10 -9
6 -2 8 4 -4 8 -9
9
-8 -5 9
4 8 5 0 -5 8 1 -9
6 0 0 -8 -8 -5 -2 -10 -2 -3 -4 -2 -8 -3 -5 3 0 -8 1 1 -8 4 3 -9
-3 5 10 -1 7 -5 -6 -7 -1 -5 8 8 10 -5 7 7 5 -4 7 5 -10 3 -9
-10 10 10 -1 0 8 9
8 -7 -1 8 7 -2 7 -5 -8 9
3 -9
-8 10 5 -2 -8 8 -7 4 -9
-10 -9
9
1 5 2 -2 6 7 -6 -5 -9
3 -6 8 -1 -7 9
-9
0 8 1 -5 1 -8 9
-8 3 7 8 -5 -2 -10 -4 -10 -9
8 0 7 4 4 8 6 1 -9
-5 -8 0 -10 -1 1 8 2 6 -4 -6 -3 3 2 6 6 2 7 1 4 -10 -6 1 10 -3 -10 8 -3 -6 -2 -9
-6 9
-3 10 -1 3 -3 -4 -7 -2 -8 7 5 -7 -6 -1 4 -4 -3 -7 4 8 -6 3 9
7 9
-3 5 -10 -5 -5 0 10 4 0 -4 -8 5 -6 5 2 -9
-7 -5 8 -5 7 1 -1 0 -4 -7 -4 8 -8 -8 2 9
-8 5 -6 -7 -4 -7 -5 -8 -5 -7 -8 -10 -9
3 0 0 3 0 0 -4 5 -6 5 7 -2 1 -7 2 2 -2 -5 7 -9
2 7 10 7 7 -6 -10 0 -2 2 4 -3 1 -6 0 -3 -4 -10 2 -8 2 -9
-7 6 -9
-5 -3 -8 8 -10 -4 0 9
-5 3 5 -2 -6 4 10 -4 4 7 -4 -10 -2 -3 8 -6 -2 -9
8 8 0 -6 7 -6 -9
3 1 -7 -8 -4 9
-8 -8 5 -1 8 10 1 2 -4 6 5 -3 -2 7 10 -10 -1 1 1 3 -4 2 -7 10 -1 5 -9
-7 6 9
4 -6 8 -9
4 -10 -2 10 2 0 -10 -9
9
3 0 9
4 10 7 -5 -7 2 2 5 0 -9
3 10 -6 -8 0 -9
8 4 -7 -9
-6 -8 -6 9
3 -5 6 -3 10 8 2 2 -9
-2 6 -2 5 -10 2 -4 3 10 -7 10 10 1 7 -7 -9
8 0 0 -7 -1 8 10 6 9
-4 -9
1 -2 8 -2 -8 5 3 -9
-9
9
9
-2 -2 4 -6 0 -1 1 6 9
-3 -1 6 5 10 4 -10 -6 9
7 2 -8 -1 -2 5 -7 7 -1 3 -3 -10 -5 -10 9
8 -2 -4 -5 -10 -5 -9
-7 1 -10 -6 -8 -9
6 -7 -3 -3 0 8 -5 3 -4 0 2 -8 -6 10 -7 10 0 1 3 10 3 -1 -8 -5 -2 3 -7 2 -2 -2 -4 7 2 3 -1 2 5 6 -8 -2 8 6 -4 7 -4 6 -1 -8 5 1 -8 -7 1 0 3 10 5 1 9
9
2 6 -8 -1 4 1 3 2 9
3 8 -7 -3 7 -5 -9
-4 8 1 0 3 -5 2 -7 -4 -3 -1 5 4 -6 4 -9
-4 5 8 8 9
-1 6 6 2 -10 -8 6 9
-2 9
6 8 -5 1 2 3 -1 6 -2 6 0 3 0 0 4 0 -5 -3 -3 10 0 5 -7 -1 -6 10 6 2 -7 -4 2 -9
8 1 -5 -5 7 1 7 -9
-7 -1 -10 2 -7 10 -3 10 3 -10 -5 5 -1 9
4 7 -10 7 0 -4 2 -7 7 -3 -2 -10 9
9
5 6 8 -6 8 8 -9
7 8 -4 10 -8 9
0 8 -3 -4 -2 -2 4 -8 -1 1 9
-8 7 -3 -5 0 9
-1 -3 3 -8 -4 -1 9
-4 5 -7 -3 -8 5 8 8 9
-8 7 -7 -4 5 4 -7 4 -2 10 7 10 4 6 7 -1 -9
9
6 1 -2 -6 0 -4 -1 7 -5 6 5 10 1 7 -6 0 3 2 -7 -8 7 -5 -10 9
-7 -6 3 -4 8 -1 1 -1 6 -4 -1 -3 4 -4 -4 6 5 -6 -6 -3 9





-10 -2 8 -9 -2 -6 -6 0 2 4 9 7 -5 9 -2 -10 -5 1 -1 -5 4 -7 0 -8 -6 -3 -7 8 5 7 
3 6 7 9 -4 3 -2 3 3 0 
6 8 -2 8 -1 -9 -7 6 -9 -10 1 9 -9 8 
-1 2 1 -8 10 1 3 8 4 2 -7 10 5 1 6 9 0 2 -2 -10 -10 5 9 -4 2 3 2 8 3 -7 6 -9 5 6 -9 5 -1 -2 -4 -7 -6 0 10 -4 -3 
5 -9 4 5 -4 6 -4 8 3 5 -5 4 -1 8 6 -3 -5 2 4 5 0 
-6 -5 -3 -10 -8 5 -4 -9 -8 1 -7 8 5 9 -1 -3 -2 10 -8 9 7 9 -4 4 -1 0 -2 -2 7 6 0 -9 -7 -7 -7 -8 -7 7 6 -3 10 9 1 10 -9 -10 4 4 9 -3 2 -3 -2 2 9 
-10 -6 0 7 9 -8 -5 8 10 -4 8 -3 -5 9 2 -3 -7 -3 8 7 -6 -9 6 7 -6 6 -1 -5 -8 
-10 -7 -4 -5 -7 7 8 -7 -1 -5 6 9 4 8 9 6 9 0 -9 -9 -10 -10 6 -7 -10 -10 0 9 6 -1 7 -3 9 3 -1 -9 5 -9 -9 1 -5 8 2 -10 -2 
-1 -4 10 -4 4 9 9 1 -2 -2 10 -5 1 4 3 -9 9 9 -3 -3 
-4 8 -3 5 7 2 -8 -3 10 3 5 6 10 -9 -2 3 -1 -3 4 7 -6 -1 -9 -2 0 9 5 -5 -9 0 -8 -5 4 -10 2 -1 -3 5 7 -9 -8 1 -1 3 5 -8 -6 0 -1 -6 
10 -6 5 -7 -10 3 9 -10 8 -4 3 -3 -1 6 -7 6 -8 -10 2 4 -6 -6 -10 9 6 7 0 2 -1 1 -8 7 1 -4 6 0 8 -7 6 7 -7 4 
8 -6 -4 -10 1 4 -5 -6 -8 5 -9 -2 -5 5 -1 6 -8 -3 -4 -4 2 -5 1 -4 6 -2 0 5 -7 -4 -2 -4 -1 -1 -9 8 10 -10 -9 -10 5 2 7 3 -10 0 -10 -2 
3 -8 -9 3 -6 -1 7 -1 4 9 -8 5 -3 9 1 -4 8 4 3 1 -8 -10 2 -9 -2 -8 5 5 -4 8 -8 1 7 
1 -3 10 4 7 4 0 9 0 -4 1 2 2 -8 -5 -4 6 6 -6 3 -7 0 3 -3 9 -2 0 0 3 8 -7 2 2 9 -8 -4 -4 -7 -10 7 8 -4 -2 -6 4 -2 -3 3 -4 -6 -10 
0 -9 6 10 -5 -6 -1 -8 -9 0 -7 -7 1 6 -3 1 -5 -4 -10 -9 
-10 5 -8 -6 3 -9 -6 -5 2 -4 3 -10 1 -4 -7 -4 6 1 -10 -1 -1 -5 -10 10 8 -3 1 6 -6 -10 -2 -1 7 -1 -5 -6 6 -9 
-1 6 1 -8 4 8 4 -1 1 7 8 8 1 -5 -5 4 -4 10 -8 -9 7 -9 -3 -2 10 4 1 6 9 -8 0 -6 -9 -8 -6 -1 -6 2 -3 -10 -9 -7 -10 -7 9 -2 -4 9 -2 3 -4 7 0 1 -8 
-3 6 0 2 -4 -9 5 4 -8 -6 9 -1 7 -5 8 0 -9 4 -6 3 0 4 -2 1 -4 0 3 3 -5 8 -3 -6 7 2 -6 5 8 3 2 8 -4 
-9 6 -6 -5 -7 3 -3 3 -9 3 7 -1 1 -7 10 7 -3 9 7 -9 -2 2 7 6 8 -1 -1 6 -6 4 3 -7 8 8 2 -4 7 8 7 1 -9 -1 -3 -9 8 4 -7 -1 8 -7 -5 4 -1 10 3 -8 -6 -9 10 2 
-1 -6 -9 -9 5 -1 -6 7 -3 -4 -9 -9 7 -7 -4 4 -6 1 -5 5 2 -1 -2 6 0 -1 1 -10 5 6 -5 6 -5 
6 -3 4 6 4 -6 9 4 -1 3 -1 0 -3 -10 -10 -2 2 0 7 0 3 4 4 0 4 4 -4 10 -5 -6 9 -8 8 3 -8 -2 7 3 -7 -3 -5 -1 8 10 -10 5 -6 -7 -4 -1 2 -4 4 2 0 3 3 -7 -2 3 0 -7 7 -10 -2 9 -6 -6 8 0 7 3 7 5 -4 -2 1 0 -10 -9 -5 -10 -5 2 10 -2 -7 1 2 -4 -5 -10 -6 1 8 6 3 -3 8 -10 8 -9 -8 2 -8 6 9 -7 -6 -2 -5 -9 -5 6 -6 -10 0 6 -1 -5 2 7 -1 -4 -5 1 7 7 -6 -10 -5 8 1 4 -9 -3 -8 1 -5 9 -1 -1 0 4 6 -2 -6 5 0 -8 8 9 -9 10 -7 9 -10 0 -8 -5 -10 -7 -5 -7 2 10 0 6 7 0 -9 9 4 2 7 -8 5 -2 6 4 2 2 -7 -3 1 -9 2 7 0 10 -2 1 -7 4 -6 -3 2 4 -2




(6557, 8866), (74, 3998), (9044, 6141), (8828, 4476), (8821, 4497), (4365, 7880), (3627, 7508), (8602, 2950), (1520, 2866), (9805, 1228), (3314, 8298), (2844, 6827), (9245, 110), (3446, 8131), (5111, 7272), (2598, 4252), (5859, 6376), (246, 4519),
 (6625, 2970), (5861, 3581), (8870, 8042), (281, 678), (44, 7112), (777, 657), (1953, 2022), (1029, 7973), (2289, 9354), (4544, 4458), (4049, 8944), (9065, 6353), (7329, 5488), (7850, 8095), (298, 6773), (5147, 2669),
 (8735, 6024), (5470, 9357), (2853, 8951), (5318, 7531), (6640, 6612), (6369, 2230), (2630, 5103), (4747, 375), (8863, 2035), (9855, 2578), (2626, 9321), (710, 4903), (6230, 367), (7822, 7795), (9810, 3571), (8839, 128), (7584, 5831), (4633, 6507), (6692, 1058), (1780, 413), (2037, 1641), (8623, 4534), (4341, 2516), (6394, 5147), (6141, 9814), (734, 45), (5575, 1789),
 (5403, 6493), (4175, 6647), (2309, 4977), (1072, 9456), (8450, 3641), (6085, 3002), (3635, 664), (9747, 5140), (3394, 2743), (2571, 910), (7524, 1553), (5103, 9432), (1482, 1795), (5225, 9982), (7488, 9115), (8073, 5622), (3907, 9456), (5768, 8173), (7791, 3818), (6363, 8433), (3108, 9612), (2063, 8891), (8353, 8863), (2668, 701), (5954, 7772), (4056, 4327), (1471, 5632), (5159, 3924), (1959, 3984), (5338, 7845), (7390, 749),
 (7529, 4472), (4358, 2918), (7789, 2419),
 (4076, 7989),
 (9854, 7320), (1759, 2245), (4300, 8551), (8668, 8135), (8222, 5800), (4616, 3699),
 (9859, 592), (110, 8407), (5581, 3950), (7299, 9621), (3542, 8650), (1573, 323), (8474, 8232), (6147, 2030), (9939, 5865), (4050, 6072), (2232, 961), (2625, 6278), (9452, 8005), (598, 2877), (41, 3408), (6014, 5812), (3751, 3775), (7260, 9442), (4244, 9109),
 (7337, 6813), (7743, 7338), (5981, 6156), (6148, 2161), (9139, 8971), (11, 9266), (4643, 7106), (1936, 8990), (516, 422), (5497, 6035), (6519, 5706), (9698, 2864), (3682, 7322), (7621, 9949),
 (1352, 7723), (9593, 2347), (5091, 7359),
 (745, 5261), (183, 5336), (8013, 2927), (6781, 7819),
 (7464, 7737), (7786, 5518), (9321, 6587), (8950, 3335), (8174, 501), (7200, 1334), (1479, 7398), (9124, 197), (6921, 1066), (5507, 1742), (6758, 784), (2335, 1940), (5788, 3696), (231, 5741), (8833, 3541), (5318, 6814), (5226, 173), (4610, 2035), (3766, 868), (6711, 7394), (6567, 8167), (8524, 9190), (8031, 3831), (9245, 9537), (3645, 5272), (2015, 6267), (9451, 2174), (8095, 4997), (1676, 4052), (2000, 8564), (6457, 2409),
 (497, 851), (4280, 7063), (1199, 8131), (8814, 5710), (2914, 8621), (9768, 1917), (6821, 187), (6906, 788), (8800, 7237), (3215, 4471), (7119, 369),
 (8295, 9571), (7521, 3493), (9124, 6922), (3334, 8063), (9584, 7887), (7706, 4191), (6360, 8906), (9997, 7059),
 (5195, 1127), (1153, 7131), (2050, 3876), (2701, 310), (8337, 6914), (6105, 2812), (1789, 3418), (1651, 9316), (983, 9065), (7748, 67), (7722, 373), (4065, 1798), (9508, 6747), (6382, 59),
 (8130, 6374), (8567, 8238), (7907, 3833), (7093, 2041), (7365, 2311), (6024, 9788), (4189, 8359),
 (2813, 1965), (1351, 6564), (5953, 745), (8749, 5158), (2941, 8386), (4434, 8722), (4966, 9002), (80, 5371), (4021, 7310), (896, 8139),
 (8025, 5665), (7270, 8156), (2976, 4931), (3005, 8680), (5057, 5279),
 (5717, 246), (8494, 5997), (2288, 710), (7593, 3837), (706, 7563), (603, 7874), (8813, 1272), (7264, 2104), (8232, 4741), (6321, 941), (8509, 7035), (2428, 7875), (6188, 8490), (8542, 4704), (3920, 1742), (6072, 9064), (6727, 5212), (6922, 6045), (4065, 2819),
 (6688, 7508), (6257, 9981), (5962, 5234), (7758, 9185), (6883, 4245), (4705, 1620), (3821, 6303), (2021, 9586), (9136, 13), (1099, 8518), (9281, 3398), (4273, 5576), (662, 997), (4677, 5913), (294, 6725), (3879, 2095), (6685, 874), (5580, 19),
 (7880, 2878), (7656, 6776), (8948, 1185), (6634, 5783), (9316, 7731), (753, 1396), (2644, 5864), (2158, 7360), (7123, 3131), (7725, 8334), (1149, 5871), (9071, 2239),
 (5893, 5027), (1700, 9995), (5289, 689),
 (7542, 2424), (9057, 9230), (3654, 7844), (8881, 8658), (2739, 3317), (1564, 9459),
 (7035, 6572), (4315, 2677), (6066, 6076), (6977, 2554), (9720, 7063), (925, 4835), (1843, 2558), (977, 281), (6825, 8422), (7359, 5986), (5947, 6920), (6888, 4796), (5645, 1784), (2959, 2057), (72, 2731), (983, 7980), (1046, 3814), (766, 905), (3791, 7557), (8539, 8864), (1311, 3849),
 (3588, 1424), (8949, 3718), (8248, 3164), (549, 1569),
 (690, 2192), (9077, 8389),
 (8955, 2938), (3220, 7055), (6574, 2265), (6351, 1928), (9304, 8095), (9268, 4121), (5920, 8855), (3467, 6699),
 (7697, 6643), (7465, 3102), (3761, 8617), (1657, 1775), (6077, 9496), (2457, 9964), (1709, 5777), (3017, 6852), (6869, 7754), (7452, 1838), (7152, 7965), (1960, 433), (6258, 8368), (8831, 1611), (6761, 6927), (4993, 385), (7377, 7370), (3180, 3699),
 (4108, 3502), (7014, 5398), (9630, 7901), (2420, 4086), (7141, 9273), (5370, 8944), (4082, 7087), (2725, 7801), (4506, 9214), (5467, 4707), (5456, 1115), (2005, 5158), (6280, 5449),
 (6877, 9384), (9290, 7330), (5694, 4832), (9398, 7378), (9664, 5217), (7288, 2050), (3270, 7542), (9081, 7813), (4488, 8105), (5268, 9192), (5955, 6898), (7957, 1467), (2307, 4507), (5914, 4041), (6959, 8182), (6096, 7869),
 (9054, 7132), (8360, 4780), (1488, 17), (8003, 9733), (831, 3274), (8714, 6766), (3060, 2163), (2026, 7007), (9023, 5063), (2970, 8218), (1022, 8513), (899, 1005), (51, 3229),
 (1284, 3796), (1196, 3038), (7350, 4862), (9250, 9730), (153, 1706), (2, 3094), (5585, 5587), (2171, 4123), (5671, 6317), (9171, 7309),
 (2269, 3900), (3059, 9317), (419, 5261), (5063, 7098), (7889, 9130), (3982, 848), (9108, 8567), (1237, 8143), (5446, 604), (2856, 6109),
 (8805, 3996), (8748, 7305), (9650, 2868), (1548, 1123), (1004, 1473), (1743, 3978), (7693, 9116), (1783, 392), (5192, 4048), (6433, 2780), (3983, 1399),
 (9063, 8131), (1378, 5372), (2058, 4572), (6186, 5476), (6405, 7357), (9889, 3190), (8806, 1307), (4921, 6524), (3726, 2199),
 (8961, 1443), (1998, 6811), (3689, 3698), (186, 6838), (8602, 4107), (4649, 4056), (1488, 5162), (2716, 1774), (2586, 5484), (8613, 3623), (9206, 5348), (3545, 8706), (6056, 3078), (3099, 9564), (4836, 7468), (4386, 4175), (7337, 1653), (7184, 7718), (3722, 5545), (9886, 7006), (9680, 2310), (6705, 8722), (9268, 3096), (5361, 5395), (7459, 385), (5477, 4802), (2270, 6835), (9927, 7), (8462, 9856), (4901, 2349),
 (9866, 928), (2620, 3088), (7911, 3253), (5423, 9653), (120, 6082), (9049, 3646), (3693, 5615), (1826, 3840), (9528, 4037), (8865, 2632), (8205, 8962), (1685, 4034), (732, 8659),
 (4305, 6820), (7990, 1607), (9675, 9711), (8096, 1163), (760, 5599),
 (2983, 4955), (7302, 8016), (2183, 5588), (2535, 3959),
 (5057, 2332), (6482, 6831), (2180, 9143), (7199, 4284), (5586, 3556), (9672, 2251), (5916, 8150), (7080, 9414), (107, 2447), (4242, 4063), (6099, 7644), (2089, 5528), (4077, 3650), (6210, 1177), (4708, 2938), (3450, 4755), (2380, 508), (8306, 925), (3412, 1934), (5481, 1712), (4334, 7208), (9901, 6048), (2452, 8474), (5547, 6121), (3057, 9638), (5252, 1226), (2075, 4054), (4566, 3283), (2143, 7774), (6775, 1676), (7528, 122), (758, 4571), (2300, 4806), (5194, 4964), (5645, 3936), (7547, 2378), (5037, 8601), (6116, 9764), (2517, 1499),
 (6926, 6894), (9947, 9340), (5652, 6593), (6807, 9674), (6794, 6282), (9667, 815), (8438, 8572), (3063, 1462), (4580, 1930), (5027, 4212), (3847, 8115), (9000, 6438), (361, 2247), (4000, 4221), (3219, 8044), (6173, 5754), (4327, 4550), (7140, 5128), (3291, 3567), (7873, 7540), (9755, 9612), (1134, 4858), (4123, 7498), (7170, 4003), (572, 8621), (4961, 1171), (5221, 7134), (834, 6981), (6927, 656), (9349, 1250), (844, 6305), (2029, 3241), (8034, 9231), (2962, 7579),
 (1626, 8771), (3865, 5203), (4048, 7538), (6881, 3443), (5233, 3335), (7758, 8324), (713, 2673), (5096, 6799),
 (5335, 1624), (87, 6543), (7849, 4517), (8460, 9028), (5233, 8000), (7861, 8400), (3225, 7848), (3983, 6179),
 (3956, 3527), (3095, 7934), (1133, 2548), (4744, 3286), (2520, 4625), (1621, 7752), (1956, 2825), (503, 8006), (2333, 6949),
 (7575, 6993), (5828, 1114), (447, 4145), (8251, 70), (3896, 7994), (9303, 1093), (2727, 747), (8283, 204), (1540, 9570), (2926, 6240), (2896, 9250), (5799, 7803), (3061, 2161), (6468, 677), (333, 1724), (7200, 4666), (5703, 1467), (3684, 3211), (5731, 9512), (2582, 1083), (81, 1969),
 (9932, 4628), (5496, 862), (5573, 9654), (8423, 7561), (5374, 7357), (2737, 1919),
 (5054, 7162), (8075, 35), (5071, 1483), (3921, 2307), (6723, 4759),
 (5904, 6259),
 (8963, 1967), (3639, 5687), (1745, 5403), (7070, 4009),
 (4563, 4183), (197, 8493), (5226, 9818), (1595, 3553), (5622, 7332), (5316, 4519),
 (912, 1989),
 (6293, 9081), (6194, 9598), (9805, 4050), (1105, 7769),
 (971, 7537), (3442, 3275), (885, 5545), (3979, 8156), (6096, 3400), (3860, 1888), (2130, 9547), (4848, 7320), (7075, 690), (3604, 3113), (5556, 4583), (7982, 4488), (2729, 8161), (4852, 2218), (2605, 1133), (3320, 6194), (1121, 2492), (3978, 8907), (4518, 6865), (9377, 805), (3572, 4873), (5410, 3320), (8261, 8442), (4464, 3731), (8483, 287), (2372, 5197), (4812, 6708), (8556, 2764), (1206, 2995), (907, 92), (9635, 9922), (1315, 8596), (6694, 6137), (5743, 1173), (7812, 2463), (8786, 872), (5194, 6242), (4774, 7), (234, 7957), (9471, 6131), (4936, 8392), (1293, 927), (8084, 3564), (1589, 4702), (1955, 3104), (5944, 9788), (142, 456), (8748, 5310), (4187, 6419),
 (9519, 383), (691, 6094), (9541, 5230), (758, 1361), (672, 4822), (9124, 8088), (6579, 7826), (7034, 789),
 (3605, 7718), (9804, 781), (9614, 3922), (2912, 2465), (538, 8797), (8677, 2880), (2461, 5161), (3783, 8803), (8332, 4920), (8536, 9381), (7995, 4752), (8272, 2909),
 (8146, 6263), (5318, 6624), (5156, 569),
 (1620, 8310), (8023, 2126), (6553, 6456), (3767, 6337), (3720, 7241), (9148, 9048), (605, 6515), (7072, 296), (9330, 7010), (319, 7083), (2245, 4595), (4986, 3963), (6644, 1389),
 (7871, 8229),
 (5750, 3355), (5975, 6457), (2402, 7330), (1696, 4000), (2160, 9624), (638, 9035), (651, 6880), (3064, 5032), (6320, 3731), (9802, 3390), (6126, 6502), (1131, 9681), (2176, 6270), (6065, 1209),
 (5709, 5273), (9925, 6254), (951, 8217), (6259, 5099),
 (6593, 5773), (3590, 6185), (8852, 8969),
 (5973, 8940), (3913, 900), (1511, 6852), (8259, 1422), (5570, 2524), (7601, 468), (9935, 1599),
 (91, 7610), (3623, 6403), (2315, 7398), (1694, 8293), (7753, 1182), (8453, 3213), (96, 8477), (4086, 7762), (8047, 7272), (7308, 4096), (789, 6641), (3597, 3548), (4946, 4819),
 (5831, 397), (7633, 5616), (952, 6434), (9832, 7404), (4826, 9350), (4928, 8053), (9877, 7075), (2962, 7473), (2287, 3417), (1195, 9256), (9764, 8573), (3461, 6308), (8999, 1767), (9963, 9319),
 (4264, 3335), (8737, 5171), (725, 2474), (6145, 2914), (6243, 248), (4606, 3287), (3711, 5572), (8263, 9353), (514, 5759),
 (4518, 4681), (9273, 3118), (9899, 3133), (7686, 448), (6453, 5719),
 (8006, 934), (5090, 7623), (1428, 3867), (9171, 3957), (8837, 4366), (2623, 4589),
 (7181, 5804), (7407, 3956), (4245, 3931), (1232, 6688), (9565, 2342), (5073, 6206), (3609, 6386), (4977, 8629),
 (2063, 5684), (7314, 8031), (4, 6622), (2713, 333), (5237, 8477), (2782, 7878), (5890, 2791), (1961, 2368), (5592, 2489),
 (5982, 2629),
 (7487, 8527), (896, 667), (3628, 9098), (8933, 4311), (5625, 2771), (5626, 2009),
 (228, 3450), (4080, 230), (1168, 4515), (5695, 300), (8349, 709),
 (1935, 7906), (6898, 5642), (9755, 6543), (9634, 2976), (8189, 3267), (8769, 2579),
 (7661, 3438), (4619, 7896), (5708, 5791), (8478, 8494), (431, 9635), (47, 7981), (622, 7616), (9797, 46), (4961, 8934), (619, 3737), (8585, 8409),
 (1091, 8813), (274, 3067), (2463, 6694), (5545, 3545), (7305, 6802), (9083, 5033), (6736, 7690), (8125, 8547), (6718, 1522), (7298, 7035), (4095, 5692), (8006, 5051), (2688, 3207), (6694, 7780), (2529, 5450), (6301, 904), (3805, 259),
 (5154, 1863), (2547, 8859),
 (7363, 4337), (3688, 8824), (6364, 8716), (6564, 6231), (474, 3250), (2299, 1619),
 (7315, 945), (1297, 2467), (2213, 3073), (2933, 7869),
 (2809, 2860), (8445, 3588), (6869, 4249),
 (6711, 8880), (1824, 1760), (2059, 124), (4537, 5186), (3168, 8935), (493, 8988), (8072, 8104), (6513, 2210), (8503, 697), (7518, 7604), (7258, 251), (7817, 3653), (8720, 102), (2505, 8415), (5728, 4212), (3860, 9180), (2973, 2694), (7535, 5042), (8764, 3668), (3565, 8889),
 (4428, 2226), (776, 5334), (5423, 8297), (6235, 3377), (2606, 3041), (9358, 7718), (664, 5965), (5659, 2414), (8912, 4401), (619, 4683), (4917, 2180), (5071, 8863), (9124, 4722), (801, 303), (4920, 8856), (3242, 9298), (9710, 9583), (7722, 4110), (6775, 4946), (6823, 5944), (9295, 2135), (3535, 6531), (2926, 8831), (8885, 1435), (9891, 3285), (6665, 8050), (9638, 6345), (8397, 1511), (1963, 8805), (4896, 4274), (625, 4624), (3338, 3053), (2642, 9961), (6559, 3446), (1428, 4140), (2928, 8497), (2612, 1512), (9224, 429),
 (8572, 7997), (5243, 1261), (7841, 7783), (4250, 2972), (1380, 3989),
 (3812, 6118), (7455, 6863), (3634, 589),
 (7485, 633), (737, 5865), (853, 789),
 (4960, 8137), (6227, 7576), (4441, 8409),
 (295, 7973), (6481, 1341), (1101, 1172), (6371, 9800), (6958, 5479),
 (5246, 6208), (5447, 7116), (4677, 6024), (5074, 3266), (8816, 8064), (9903, 9701), (997, 752), (8651, 9150), (3492, 7060), (5472, 8906), (8576, 2401), (5654, 7570), (5560, 2283), (3106, 1353), (5042, 8314), (8501, 7413), (4545, 2912), (9253, 4194), (3172, 5788), (3728, 703), (7411, 8395), (617, 6530), (9987, 6414), (4870, 2427), (8557, 1643), (4569, 2805), (7714, 9086), (6858, 485), (2662, 9106), (1378, 1984), (8534, 2906), (3283, 5504), (8160, 5694), (2352, 5742), (584, 5594), (2379, 5257), (439, 8040), (332, 9421), (3507, 8747), (1040, 3691), (365, 2606), (1252, 2821), (8058, 8388), (9747, 289),
 (7574, 3411), (628, 7688), (4148, 4650), (5159, 7496), (9963, 684), (9584, 1849),
 (4958, 7935), (2995, 1094), (4737, 672), (3678, 9005), (9787, 7966), (8521, 7300), (8376, 5229),
 (1504, 2294), (2946, 7625), (6060, 8948), (5875, 1767), (7097, 2613), (4537, 5782), (1209, 5751), (4588, 5551),
(2308, 743), (334, 15), (193, 2068), (1041, 2478), (2333, 512), (924, 1188), (1940, 1057), (2222, 2371), (125, 95), (2389, 517), (1823, 1049), (2258, 2090), (1080, 1901), (378, 677), (180, 393), (1289, 488), (1292, 307), (1492, 1374), (1171, 2150), (2431, 1319), (249, 1222), (1847, 1052), (714, 1363), (508, 1130), (1372, 1360), (854, 838), (1505, 339), (335, 570), (1855, 1507), (1940, 2194), (497, 1272), (2175, 958), (765, 166), (1345, 2399), (668, 2433), (170, 1537), (563, 182), (2451, 1129), (1318, 2336), (2416, 1760), (1240, 814), (963, 2488), (1029, 2162), (748, 1109), (524, 1111), (2060, 2471), (1045, 1805), (1063, 2336), (966, 855), (2033, 584), (1840, 1265), (1031, 491), (308, 1117), (2477, 50), (2379, 1828), (1289, 2093), (2029, 1755), (393, 943), (1826, 1739), (1395, 21), (933, 2127), (864, 365), (1227, 2271), (1716, 2044), (2239, 468), (661, 62), (198, 904), (549, 1289), (782, 1746), (1805, 234), (506, 1414), (1836, 1831), (1342, 2498), (2256, 1707), (1471, 182), (1504, 316), (2357, 219), (601, 2392), (2155, 201), (2185, 1632), (1549, 1513), (305, 859), (839, 1203), (707, 1389), (1210, 1924), (327, 2054), (2297, 1823), (1727, 2227), (2379, 481), (1235, 1974), (2338, 2081), (941, 2069), (2136, 2308), (562, 961), (1692, 1618), (2027, 1381), (2112, 2425), (1144, 2324), (2196, 274), (1980, 1305), (76, 644), (547, 1681), (116, 1673), (384, 201), (1352, 2479), (1040, 1018), (648, 1684), (2383, 936), (1218, 150), (1609, 315), (114, 1535), (1153, 49), (757, 1585), (1480, 2239), (1248, 43), (1445, 849), (2087, 995), (2300, 1521), (605, 521), (1178, 1783), (804, 176), (151, 887), (504, 1460), (1048, 2068), (1627, 2442), (2328, 108), (2101, 384), (1823, 2193), (1987, 1476), (756, 150), (1591, 1563), (1053, 2469), (915, 2358), (2088, 564), (1476, 146), (2433, 182), (1197, 1512), (2128, 880), (2500, 1331), (633, 749), (1865, 2359), (1916, 1911), (1509, 112), (464, 410), (2273, 1617), (494, 1699), (568, 2462), (938, 2412), (365, 930), (1380, 114), (1364, 421), (2025, 1399), (553, 1990), (1312, 95), (1287, 1795), (440, 841), (2011, 255), (2028, 743), (362, 2261), (2381, 2207), (1951, 1745), (1322, 1971), (659, 8), (534, 100), (1971, 2135), (2466, 1538), (861, 434), (1478, 148), (2416, 1645), (758, 205), (2258, 1720), (1258, 1598), (1404, 1895), (1422, 2353), (642, 1369), (679, 1162), (2092, 2148), (1788, 1379), (1435, 672), (1719, 819), (1786, 615), (1914, 1765), (1219, 875), (2468, 1448), (515, 289), (207, 148), (1498, 1812), (435, 2089), (483, 1036), (911, 2001), (2068, 742), (1758, 1630), (1334, 341), (743, 1479), (2151, 1988), (1993, 1631), (42, 1559), (1148, 2126), (522, 962), (434, 1560), (155, 2321), (1566, 258), (1187, 1512), (95, 1907), (1782, 1126), (1680, 1343), (1898, 609), (1921, 363), (2248, 1120), (796, 1099), (2107, 1985), (141, 595), (429, 1010), (1927, 1470), (1246, 1621), (1502, 1578), (1049, 1327), (1211, 1042), (1283, 1951), (444, 2344), (1742, 490), (262, 941), (1366, 959), (1249, 124), (1101, 2475), (884, 223), (1071, 859), (618, 1487), (851, 588), (2493, 291), (940, 1728), (1140, 2330), (921, 57), (1381, 2336), (410, 1967), (974, 1747), (1531, 1501), (464, 2037), (1094, 242), (1821, 1971), (1567, 1121), (1250, 362), (1419, 758), (1439, 1926), (91, 597), (1720, 922), (131, 730), (1376, 1878), (658, 2238), (9, 970), (2265, 328), (1069, 1422), (876, 2455), (2018, 2377), (823, 1222), (513, 2091), (388, 2216), (1924, 2347), (851, 2111), (2115, 1692), (863, 1552), (481, 889), (2467, 1014), (1742, 1508), (1630, 1033), (2015, 814), (1455, 513), (1497, 918), (684, 1567), (280, 2478), (1811, 1727), (1154, 1650), (1873, 1675), (1157, 850), (388, 108), (2049, 882), (463, 174), (72, 349), (471, 1686), (2294, 1622), (1794, 225), (1991, 1392), (711, 1891), (1831, 832), (339, 1786), (101, 139), (1501, 1971), (1414, 907), (657, 2186), (2416, 2234), (716, 1361), (813, 939), (907, 368), (2336, 185), (2173, 2260), (278, 1189), (1412, 812), (1465, 2183), (1092, 1974), (1012, 1297), (1982, 2127), (1428, 336), (137, 604), (937, 2161), (2491, 2083), (190, 1278), (1771, 1348), (1700, 629), (386, 1100), (2455, 1038), (1971, 25), (1298, 148), (249, 545), (2094, 1786), (1220, 1080), (1040, 1990), (2044, 248), (1432, 1114), (280, 2139), (835, 492), (403, 1877), (616, 1513), (1332, 537), (769, 325), (133, 402), (1811, 1869), (175, 1808), (2313, 398), (486, 180), (675, 1872), (992, 2122), (1258, 2308), (1803, 2031), (1987, 181), (2149, 68), (1951, 2378), (282, 1569), (460, 1965), (2040, 66), (1333, 1166), (1551, 1057), (1439, 2406), (2450, 291), (2338, 1964), (1080, 2472), (970, 2068), (1454, 1175), (960, 1529), (2272, 822), (1416, 34), (1329, 863), (641, 2083), (463, 413), (656, 807), (1460, 2106), (944, 873), (1770, 2359), (1732, 1475), (930, 801), (2286, 273), (2383, 1786), (1576, 1051), (642, 2493), (1355, 1602), (1652, 2293), (1448, 1710), (1850, 17), (254, 1489), (2498, 1587), (2027, 997), (1311, 2347), (1814, 58), (486, 1778), (456, 1339), (2451, 295), (2489, 2021), (122, 1358), (22, 1806), (1506, 378), (448, 1395), (1233, 214), (1016, 1325), (1813, 366), (389, 284), (1527, 342), (1221, 2028), (220, 1116), (767, 1030), (2273, 719), (1384, 170), (927, 767), (734, 1312), (2449, 2374), (1490, 2260), (1997, 1371), (1474, 1256), (668, 1274), (685, 1595), (2439, 240), (1007, 1475), (710, 676), (246, 2420), (2251, 2235), (1493, 1264), (135, 498), (942, 1913), (876, 1601), (156, 1816), (246, 1326), (1584, 739), (1094, 1652), (2073, 373), (2022, 2368), (252, 2222), (2072, 1169), (1020, 1726), (376, 328), (1449, 2340), (1296, 1069), (2009, 1537), (1411, 745), (1047, 327), (2383, 257), (2008, 1832), (591, 1088), (2500, 1981), (578, 1412), (520, 1911), (1498, 864), (18, 918), (1293, 837), (1234, 70), (2233, 1939), (2154, 1583), (1751, 1465), (251, 567), (1972, 179), (146, 520), (2104, 1032), (1290, 2475), (908, 1924), (1118, 1641), (246, 1263), (188, 332), (200, 1019), (1219, 265), (2264, 190), (158, 569), (1292, 786), (25, 1770), (1514, 1739), (1781, 65), (963, 2159), (1055, 1286), (805, 617), (1861, 1323), (2468, 100), (170, 1605), (345, 836), (942, 2171), (2297, 1715), (2249, 954), (891, 298), (2141, 340), (1648, 1523), (969, 1790), (710, 300), (937, 1062), (1116, 1754), (2098, 443), (1658, 2218), (1315, 1075), (2040, 1654), (193, 2009), (1132, 6), (1535, 146), (1971, 518), (2147, 606), (2424, 706), (1657, 1479), (652, 1699), (2425, 2188), (1274, 2000), (2120, 1726), (992, 2275), (2441, 2002), (1255, 1431), (1254, 986), (1807, 1117), (2340, 1583), (699, 1476), (2081, 45), (1724, 2190), (1486, 1150), (900, 628), (2489, 377), (2139, 2274), (1904, 1182), (221, 1029), (499, 2093), (904, 482), (626, 1679), (530, 850), (384, 1412), (517, 1889), (1867, 545), (132, 31), (1378, 862), (93, 1843), (1082, 1168), (1925, 1527), (764, 1464), (1002, 2429), (209, 380), (770, 530), (1251, 1108), (2031, 262), (2286, 119), (388, 570), (1270, 604), (1648, 891), (785, 462), (565, 461), (773, 1932), (1462, 2269), (1619, 790), (965, 406), (436, 1329), (1416, 88), (1852, 100), (1098, 1659), (1760, 630), (2483, 1924), (2327, 1938), (1984, 1268), (1321, 2168), (1353, 1872), (2070, 1433), (1215, 2186), (2500, 1431), (2001, 2210), (576, 1270), (1282, 2436), (1743, 1468), (1486, 537), (1906, 659), (897, 1414), (189, 559), (373, 590), (415, 2043), (655, 2082), (253, 1966), (2150, 1113), (571, 652), (2223, 536), (1056, 2472), (2169, 2207), (1213, 2398), (1966, 1390), (1968, 453), (2230, 1637), (670, 1980), (2067, 994), (1724, 1986), (1297, 2232), (1568, 1302), (2441, 1771), (1536, 776), (603, 320), (1969, 1869), (423, 1172), (1156, 938), (1526, 2303), (796, 1464), (309, 1217), (825, 605), (461, 1379), (2414, 2125), (1021, 246), (71, 635), (5, 714), (804, 637), (1504, 643), (16, 826), (806, 964), (1383, 1126), (2327, 2313), (508, 2497), (1426, 1937), (385, 1702), (1052, 821), (859, 696), (1406, 1496), (1888, 1296), (1808, 2218), (2417, 1322), (376, 1156), (721, 2479), (586, 298), (2171, 1262), (15, 1850), (291, 1452), (867, 488), (515, 2265), (1074, 646), (1626, 613), (420, 2234), (1752, 580), (2034, 1853), (143, 63), (2132, 100), (676, 1274), (49, 1487), (2500, 1993), (924, 2255), (1293, 2456), (1723, 735), (1165, 1923), (877, 106), (50, 2255), (2325, 301), (1652, 2253), (11, 345), (1061, 357), (1040, 781), (2376, 1378), (89, 2014), (2155, 477), (292, 991), (323, 1663), (1550, 1434), (759, 642), (2001, 2383), (1216, 1660), (1600, 1768), (2266, 896), (2378, 1212), (2460, 1549), (1940, 783), (1872, 2008), (950, 359), (216, 601), (2220, 739), (2040, 960), (2130, 941), (587, 410), (389, 649), (1642, 192), (1702, 788), (2465, 1923), (2325, 2051), (1008, 2017), (11, 1975), (1835, 713), (1477, 2021), (2121, 2104), (431, 1167), (808, 963), (106, 1045), (2480, 853), (2299, 1703), (280, 1268), (205, 2027), (2451, 104), (1554, 901), (116, 1868), (747, 874), (1237, 906), (682, 173), (2106, 2079), (2093, 213), (2369, 2242), (612, 1234), (1117, 1180), (601, 1890), (1059, 932), (671, 1807), (15, 2042), (400, 2340), (258, 75), (1909, 489), (2218, 1212), (831, 2051), (1990, 1254), (59, 466), (1324, 2103), (1386, 374), (196, 2006), (1754, 2437), (749, 1298), (937, 858), (1873, 1146), (2049, 394), (668, 2224), (269, 313), (1229, 358), (1038, 2425), (2039, 1220), (19, 2295), (552, 1035), (2371, 1422), (1574, 1070), (2303, 1803), (2153, 1906), (395, 1709), (351, 1681), (300, 2371), (2411, 1444), (2033, 1184), (201, 524), (777, 649), (1216, 379), (1294, 1552), (2170, 514), (2306, 74), (419, 2462), (66, 2110), (1412, 957), (1262, 1828), (504, 1177), (2033, 1738), (1366, 1812), (2143, 376), (1015, 995), (1809, 1751), (2414, 2086), (330, 2153), (2350, 717), (2235, 2052), (9, 1974), (1204, 1982), (100, 1321), (2372, 377), (2207, 1140), (1559, 1937), (1013, 2046), (1063, 698), (1216, 700), (2292, 1041), (1065, 1460), (2130, 586), (981, 352), (14, 1062), (1133, 417), (2252, 1131), (374, 817), (876, 2139), (1948, 460), (489, 2415), (55, 1162), (1153, 1719), (1260, 483), (417, 565), (1708, 304), (1424, 344), (255, 1529), (765, 686), (816, 1633), (1243, 528), (309, 1170), (1557, 1612), (2115, 1859), (1975, 249), (325, 821), (1449, 355), (1285, 877), (1912, 1991), (1972, 948), (1143, 1360), (708, 2218), (2307, 802), (1562, 2003), (564, 390), (250, 1196), (2038, 2231), (1905, 320), (1836, 231), (718, 1233), (36, 470), (2269, 1877), (863, 317), (311, 1163), (2303, 2165), (1826, 1216), (1052, 1024), (278, 580), (1157, 925), (705, 1034), (605, 1504), (1471, 1958), (2400, 465), (751, 1078), (327, 1731), (1934, 1764), (1512, 1385), (625, 1875), (1563, 745), (1168, 2193), (1395, 1569), (1969, 136), (1638, 324), (1581, 2325), (838, 2362), (802, 2287), (178, 129), (1059, 927), (2193, 1268), (1548, 211), (348, 527), (555, 1859), (285, 1327), (256, 1245), (906, 561), (1166, 412), (2325, 1222), (416, 2163), (1726, 827), (363, 2091), (2065, 1544), (1249, 1953), (1660, 1071), (2443, 2482), (1915, 2439), (2042, 810), (1739, 1926), (2401, 2327), (2383, 1440), (1492, 1536), (2019, 2237), (1960, 1962), (1445, 2413), (285, 2010), (1247, 2353), (201, 1836), (2112, 2279), (676, 140), (811, 1031), (1864, 917), (1490, 749), (1224, 458), (12, 2335), (1388, 777), (1986, 1119), (1589, 1705), (622, 790), (1391, 2229), (2411, 1954), (2013, 1040), (1595, 683), (694, 1376), (1280, 396), (432, 2349), (1870, 1856), (1843, 2074), (1781, 1735), (1188, 1184), (1819, 2208), (198, 1785), (2023, 15), (677, 886), (1617, 2108), (1696, 180), (2366, 642), (2180, 1238), (1600, 412), (1566, 2323), (910, 1338), (1567, 1196), (360, 2159), (927, 617), (1446, 105), (105, 488), (1453, 2193), (934, 1856), (184, 415), (1343, 1004), (2238, 1921), (723, 655), (1331, 1911), (1537, 2182), (1508, 2281), (480, 1595), (121, 295), (1154, 2368), (1449, 140), (142, 1955), (2226, 2250), (1205, 1699), (1410, 1667), (604, 970), (2431, 1305), (1952, 1254), (1976, 1665), (1616, 1274), (83, 765), (1183, 1795), (320, 1610), (797, 1341), (196, 457), (2273, 2083), (2344, 174), (2105, 783), (199, 1609), (2132, 1083), (1772, 1749), (1214, 2116), (1571, 1226), (1876, 84), (1561, 90), (1718, 2056), (1648, 372), (478, 88), (2399, 969), (1777, 1084), (1802, 1167), (1791, 653), (246, 950), (119, 1001), (628, 2071), (146, 244), (576, 1844), (1778, 316), (1491, 2354), (40, 1073), (1228, 2438), (141, 2492), (926, 1375), (1940, 1360), (959, 2067), (83, 179), (636, 2370), (1003, 1473), (669, 1664), (505, 500), (2309, 2095), (2371, 974), (1190, 1883), (2439, 2001), (895, 1003), (366, 765), (2173, 1771), (1312, 1330), (1797, 395), (976, 115), (1311, 433), (508, 1977), (1693, 1009), (142, 1212), (1737, 2212), (861, 340), (1462, 1741), (667, 2006), (426, 1418), (1563, 484), (206, 1571), (2350, 1244), (2097, 397), (1045, 331), (1085, 2447), (1102, 1442), (2150, 2234), (1501, 2370), (2462, 2036), (2310, 250), (1968, 707), (463, 548), (928, 1129), (1487, 1234), (71, 875), (1658, 2354), (1285, 950), (1040, 1922), (2011, 82), (1017, 138), (1138, 2273), (2260, 2395), (2241, 1258), (547, 255), (1854, 1432), (950, 520), (1320, 2172), (1909, 1774), (101, 1868), (1191, 1961), (69, 1284), (2355, 1062), (54, 1150), (839, 2194), (2141, 487), (1900, 1321), (1578, 2118), (688, 826), (1546, 758), (1541, 2101), (1218, 341), (1970, 1811), (1340, 1914), (1698, 2282), (1642, 1636), (1448, 2435)






